'' 12371 12807 13029 13300 13302 13310 13312 13335 13337 13339 13341 13342 13343 13345 13348 13349 13351 13354 13355 13358 13360 13363 13371 13373 13374 13376 13383 13384 13385 13386 13400 13401 13403 13408 13409 13415 13425 13428 13430 13432 13433 13437 13439 13441 13443 13444 13445 13448 13463 13466 13475 13477 13478 13483 13485 13490 13497 13500 13504 13506 13509 13510 13521 13522 13528 13538 13554 13563 13565 13567 13569 13572 13580 13582 13596 13598 13601 13604 13617 13621 13630 13640 13642 13645 13646 13647 13658 13664 13672 13678 13680 13681 13693 13699 13700 13701 13718 13719 13724 13728 13736 13740 13742 13743 13745 13746 13750 13754 13755 13761 13763 13773 13776 13793 13810 13812 13813 13815 13817 13819 13820 13821 13841 13845 13846 13853 13862 13863 13864 13866 13868 13871 13879 13882 13885 13891 13896 13898 13901 13905 13910 13913 13916 13917 13918 13920 13923 13925 13927 13928 13930 13933 13934 13935 13936 13937 13939 13952 13953 13954 13956 13957 13959 13961 13962 13964 13968 13969 13971 13979 13983 13991 13996 13997 13998 13999 14002 14003 14007 14013 14016 14021 14023 14024 14032 14035 14041 14047 14048 14049 14053 14061 14065 14066 14075 14076 14079 14082 14085 14097 14101 14104 14105 14112 14113 14114 14118 14120 14123 14125 14127 14129 14137 14142 14152 14162 14170 14181 14185 14191 14193 14194 14198 14203 14205 14222 14223 14225 14226 14227 14228 14229 14233 14234 14237 14238 14240 14244 14245 14249 14253 14254 14256 14257 14271 14272 14288 14296 14304 14305 14308 14321 14322 14333 14334 14338 14339 14341 14346 14348 14350 14353 14365 14373 14381 14383 14386 14391 14396 14407 14409 14411 14415 14420 14421 14422 14424 14425 14428 14429 14430 14433 14438 14446 14456 14458 14465 14470 14471 14480 14488 14489 14490 14493 14507 14508 14522 14523 14526 14528 14530 14532 14534 14562 14564 14568 14570 14576 14580 14590 14591 14620 14621 14624 14643 14648 14658 14682 14693 14705 14726 14764 14774 14782 14784 14790 14795 14796 14798 14800 14801 14803 14804 14806 14810 14812 14814 14815 14817 14899 15598 15646 16626 16822
'busi 15824
's 9457 9494 9595 11290 11293 12037 12065 15654 16001 16305
... 13311
`` 9412 15285
a-h 12174
aa 8824 9082 10469 13128 13801 13837 14677 15108 15168 15584 16704 16944 17635
ab 10224 10483 11378 11821 11825 11854 17548
abbett 15193
abbott 15566
abex 10549
acccord 11071
acceler 9228 9229 10661 10774 11774 12526 15281 16855 16954 17052
accord 11162 12373 13153 14746
account 14482
accuray 10874
acq 9239 10042 12540
acquisit 12852 16033
acquisiton 15919
acr 16390 16738
acuqisit 14154
ad 9460 9811 9867 10417 10428 10543 11460 12224 12344 12951 12958 13292 13539 13578 13583 13867 14173 14556 14641 14877 14940 15179 15223 15288 15462 15931 16083 16446 16881 17067 17393 17473 17600
adhes 11954
adjust 13836 13849 15043
adminstr 9718 9801 17126
adopt 9620 11068 14837
advisori 13049
af 11851
affair 8982 9076 9096 9247 9498 9509 9533 9603 9831 10350 10645 10671 10689 10771 11152 11387 11770 12013 12370 12942 13045 13055 13253 13323 13531 13590 13637 13649 13692 14412 14739 14770 14881 14887 14911 14912 14931 14944 14953 15020 15045 15080 15206 15301 15437 15564 15581 15671 15678 15718 15738 15794 15964 16095 16131 16137 16181 16631 16763 16790 16871 17296 17370 17444 17647
affili 9444
afg 9638 16395
africa 13142
aftertax 12920
ag 8811 9185 11796 11807 12499 14098 15440 15652 16135 16160 17623
aggreg 8835 11663
aggress 10681
ago 9824 11501 13111 13751 13838 15670 15842
agon 11148
agreem 11254
aha 11274
ahe 17008
ahead 11554
ahm 9074
air 12018
airborn 9020
airbu 12960 12985 14738 15764 16691
airlin 10982
ald 9806
alexand 15124
alfalfa 14625
alfr 16639
ali 11881 16191 16239
almost 10772 17275
aln 17504
altern 9415 11140 11440 11488 11905 12140
alum 11767
aluminium 8873 9814 10322 10324 11371 13473 13536 13726 13804 13980 14830 15368
alza 14006 14236 14414
ambassador 8856 9654 10304 10452 10511 10522 10539 10588 10862 10910 11114 11169 11372 11397 11780 11865 15114 15200 17280 17394
amber 13476 14555
america 13134
america-california 10953
ami 10402
amkg 15732
among 9011 9071 9184 9387 9524 9745 10321 10450 10545 10710 10866 10958 11362 11436 11794 12322 12413 12745 12782 12787 13197 13591 13722 13907 13950 14293 14612 14736 14861 15137 15165 15424 16049 16050 16133 16335 16491 16504 16765 16783 16981 16989 17511
amvestor 10793
andov 11125 15335 16682
angel 11658 16345
anjalankoski 12959
annual 9140 9707 10173 12116 12947 13057 14859 15419 16081 16772 16866
anthoni 12527
anticip 10398 11269 11398 11846 11986 12551 12881 15227 15674 16028 17036 17324
anytim 14498
anyway 11533
apl 13514
appeal 14696
appli 15494
apprais 10527 15416 16205
appreci 14914
approv 8846 8907 9328 9518 10003 10221 10667 10787 11643 11717 12434 12452 12548 13904 16727 16748 17506
approxim 11405 14435 17638
apr 12868 12882 13442 13460 13570 13829 13857 13880 14209 14565 14681 14775
arafat 14915
area 9650
argosystem 17487
arkansa 9653 11093 11466
armi 16931
art 11411 12898
arusha 11951
arv 16024
assess 10550
assn 9565
associ 9251 16752
assur 10515 14949 15128 17184
atcor 10186
athlon 16653
attent 12870
attorney 12349 13038 13221 16333 16375 16603 17175
aug 13413 13553 13758 14319 14664
aug/oct 13653
author 14207
automot 9995
autospa 15051
avnet' 15105
avx 15059 15113
b-pound-imm 14521
bab.l 15377
back 11897 16927
bacob 12556
bahrain 13325 13326 13470 17204
bailli 9053 10211
bale 10062
baltimore/ 14675
bancshar 9640 10102 11435 13163 13196
bankamerica 12285
bankruptci 16771 17253
bargain 16728
barr 11684
batter 15543
baxter 8894 10858
bbl 9039 9614 11699 14704
bd 14986
bearer 16864
becher 17323
bedford 14069
begin 12032 15044 15657
bell 8783 10574 11502 11651 12717
belo 15995
belong 9969 9996
benefit 9712 9777 12773 12967 14941
benh.o 16668
beryl 15666
bfc 13395 13449 13520 13599 13677 13811 14026 14260
bfim-sovac 15905
bhi 13193 15493
biac 9414
bill 9023 9681 11704 11760 14579 15033
billion 8762 8972 9159 9417 9430 9575 9723 9737 9747 9748 9860 9972 10079 10104 10142 10176 10257 10294 10295 10362 10463 10495 10564 10653 10685 10823 10859 10881 10920 11286 11420 11422 11537 11547 11577 11662 11787 11938 12099 12124 12211 12280 12299 12421 12475 12893 12918 13318 13468 14325 14410 14557 14566 14583 14848 15079 15321 15356 15391 15570 15680 15695 15723 15822 15832 15833 15944 15976 15990 16063 16230 16269 16280 16294 16328 16380 16424 16439 16545 16664 16698 16725 16865 16896 17439 17440 17459
billion-dlr 10125 12326
bilzerian 11066
bioscienc 10127
biotech 16410
bleach 11233
boisjoli 16828
bomb 10643 15434 16958 16984 17309
bonn-bas 16098
bor 12247
borden 12000 17534
borg-warn 9067 10576 10585 10587 11289 11295
borman 9056
boston 10579 15035 15251
bottom 14767 17396
bourgeoi 9183
box 15846 15847
bpao 11974 12030
bpsio 13060
brazil 9122 10828 12283 12303 13198 14655 15222 15749 16627
breadth 10996
breakdown 14829 17084
breakeven 8905 9884 17189
brenda 15595
bring 16991 17102
brix 15855
broaden 13112
broker 14062
brwd 12393
budyka 13458
buehrmann 11827
bueno 9356
buit 10694
bullet 9148
burden 12438
burma 17257
burmah 15383
businessmen 13050
butc 11976
butter 12813
buy 9282 9942 10399 11164 11764 11772 12542 14146 14575 14777 16066 16223 16243 16302
buying/sel 13324
cabk 15496
cabl 10599
cacex 17180 17186
calif. 12685
campaign 11415 12244 15132
canada 9029 9260 9825 10072 10478 10500 10529 11052 11112 11300 11481 11503 11565 11573 11596 11736 11935 11958 12076 12210 12251 12296 12352 12505 12694 12817 12982 12990 13014 13081 13613 14320 14729 14985 14991 14995 15002 15006 15129 15144 15152 15153 15262 15336 15428 15721 15769 15805 16045 16276 16281 16595 16674 16719 17544 17547
canal 10391
cane 9124 11216 13237
capit 8843 15785
capitol 10212 12577 12581
car 8801 8833 8847 8870
caravan 11653
carcass 11278 17424
cardena 8903
carolyn 13870
carri 13100 15827
carter 15473
case 10957
cash 8919 9275
catch 9770 9821
cattle-ranch 10334
cbc 13764
cbt 13762 14317
ccbp 11919
cclr 10092
cdu 13257
celebr 16044
centrist 9466 10210 10646 12961 12970 14030 16732 16741 17461
ceram 16152
certain 10562 10802 12391 13027 15320
certif 8841 9088 9268 9375 9413 9757 9789 10114 10259 10316 10326 10474 10727 11015 11026 11342 11970 12237 12416 12748 12774 12952 13176 13202 13573 13741 13806 14017 15397 15448 15568 15973 16074 16120 16330 16397 16755 16779 16781 16933 16951 16955 17260 17377
cf 9481
cfbi 13180
cg 11089
cgp 17422
chain 11110 13021
chaiyaphum 9227
charter 8978 9596 10594 11407 11485 11521 11680 12357 12954 13019 13047 13231 15727 16366
chase 12147
chevron 14044
chew 10558
chgo 14453
chip 11390 12089 12107
choic 13682 14187 14362 14369 14673
chol.o 17613
ci 11641 13005
cities/abc 12328 13073 14737
cl 13798
claim 9609 9834 10948 11001 11412 11524 11648 11710 11850 11999 12007 12141 12507 12727 13151 15076 15162 15342 15485 15722 15787 16411 17346 17500 17643
clamp 14906
clbga 15717
clean-up 9921 14672
cleaner 16011
clevit 15487
clg 9661
clinton 16883
close 11675
clrx 14979
cm 10019
cn 14147
co 8791 8795 8813 8818 8888 8924 8934 8946 9025 9041 9078 9146 9187 9241 9309 9319 9322 9337 9350 9379 9380 9407 9411 9447 9496 9497 9505 9545 9569 9618 9643 9823 9828 9850 9872 9879 9885 9890 9913 9951 10056 10087 10116 10129 10145 10204 10223 10386 10420 10441 10442 10468 10496 10517 10532 10572 10611 10678 10682 10792 10839 10888 10925 10941 10945 10954 10985 10993 11020 11051 11062 11095 11111 11113 11117 11201 11267 11296 11345 11354 11401 11409 11416 11419 11477 11483 11489 11506 11538 11561 11582 11617 11623 11650 11674 11728 11741 11757 11842 11895 11913 11915 11929 11942 11995 12015 12057 12060 12090 12100 12101 12113 12189 12214 12282 12300 12313 12354 12358 12364 12385 12482 12506 12566 12575 12608 12613 12698 12707 12739 12742 12766 12820 12865 12888 12931 12965 12974 12975 12978 13013 13054 13079 13089 13108 13127 13158 13453 13546 13706 13914 14056 14086 14094 14140 14283 14314 14399 14401 14423 14497 14558 14561 14608 14661 14668 14752 14948 15029 15030 15038 15050 15054 15057 15061 15064 15083 15133 15164 15176 15183 15190 15209 15247 15280 15282 15353 15358 15402 15407 15412 15479 15505 15507 15513 15517 15518 15557 15746 15747 15829 15885 15898 15908 15998 16027 16034 16043 16115 16151 16156 16325 16356 16403 16407 16436 16453 16467 16494 16499 16509 16515 16553 16571 16593 16648 16660 16672 16676 16696 16702 16712 16714 16796 16850 16885 16900 16917 17100 17362 17653
co-author 10493
co-manag 9084 9854 15100 15498 15711
coach 15774
coconut 10712 10720 11836 14649 14792 16099
coda 15464
code 9436 9583 10301 11642 11998 13225 13592 13970 13974 16169 16352 16636 16723 16733 17124
coffee-grow 17038
cole 12728
colorado 17006
comex 13669
comfort 13046
comi 10921
comment 8756 8855 9006 9022 9047 9090 9179 9221 9224 9423 9456 9535 9680 9690 9697 9798 9800 9816 9926 9946 9977 10081 10141 10199 10236 10359 10369 10425 10475 10504 10568 10578 10621 10630 10631 10797 10798 10872 10915 11102 11122 11163 11212 11238 11251 11292 11343 11356 11369 11380 11399 11430 11437 11556 11560 11669 11681 11763 11773 11785 11858 12052 12054 12062 12092 12213 12264 12330 12335 12437 12440 12450 12565 12588 12589 12593 12601 12607 12612 12693 12795 12816 12835 12886 12891 12976 13124 13125 13179 13246 13263 13270 13568 13609 13652 13995 14063 14080 14357 14406 14505 14613 14707 14711 14727 14811 14895 14907 14930 14938 15073 15095 15161 15229 15234 15240 15294 15303 15367 15389 15444 15449 15478 15545 15689 15766 15810 16089 16355 16398 16408 16646 16904 16979 17039 17096 17146 17165 17168 17179 17259 17295 17299 17320 17360 17415 17425 17426 17465 17522 17533 17648
commerc 9002 9007 9663 10268 10344 10361 10366 10375 10394 10406 10635 10665 10781 10934 11076 11209 11261 11823 11912 12143 12188 12197 12333 12377 12399 12461 12486 12519 12627 12916 13053 13080 13273 13294 13366 14340 14354 15349 15395 15838 15872 16079 16558 16630 16759 16788 16970 16995 17060 17091 17129 17139 17245 17274 17335 17401 17527
commonwealth 9365 10057 10109 10336 10846 11218 15577 16150 16320 17024
commun 17594
company' 12165
comparison 14669 14783
compat 12493
compil 11160 14303 14922 16442 16505
complet 15508
composit 9688 11950 12765 13258
compound 11232
compromis 9197 10449 10760 10776 10806 10902 15322 16076 16112 16987 17634
comput 9101 9105 10148 10523 10556 10557 11054 11337 11461 11493 12665 12944 13822 14326 14553 16101 16125 16338 16517 16523 16527 16582 16695 17483 17493 17597
computor 16794
comstock 14996
concept 9333 10633 11782 12070 12427 13002 13949 14961 15470 15549 16154 17246 17438 17490
concern 12811 13068
concert 17069 17078
conform 10070
consensu 14202
consent 14754
consider 8960 9055 9069 9402 10117 10136 10702 10800 11234 11448 12337 12799 12946 13243 13281 13313 14763 14916 15224 15576 16780 17519
consolid 12223 15626
consortium 14878
construct 13252 15041
consum 8991 9256 9953 10553 10742 10995 11224 11695 11894 16367 17236 17298 17431 17442
continu 10841 13105 13109 14753 15178
contract 12167
control 8781 8832 8838 8910 8917 8927 9075 9144 9194 9226 9254 9343 9347 9381 9442 9476 9510 9517 9523 9544 9561 9570 9631 9645 9664 9752 9808 9817 9911 9971 10007 10048 10139 10189 10213 10219 10238 10346 10423 10454 10462 10541 10721 10722 10813 10883 10890 10895 10909 10928 10950 10951 10969 10994 11002 11006 11017 11078 11092 11143 11196 11249 11303 11457 11505 11522 11534 11670 11740 11814 11816 11833 11873 11927 11962 12043 12086 12138 12182 12220 12250 12289 12331 12383 12429 12492 12518 12546 12547 12559 12600 12719 12737 12747 12759 12832 12894 13015 13085 13087 13141 13188 13189 13194 13211 13212 13393 13888 13890 13947 14070 14265 14394 14838 14937 14950 15075 15217 15225 15270 15330 15596 15653 15789 15849 15943 15947 15974 15992 16025 16026 16029 16047 16136 16254 16445 16447 16500 16570 16614 16651 16677 16684 16685 16700 16874 16923 17009 17063 17076 17115 17150 17178 17182 17239 17314 17350 17479 17546 17576 17610 17640
conven 11737 15817
cop 13006
copper 9195 11945 12024 12215 12243 12484 12489 12633 12641 12651 12683 12692 12725 12910 12926 12963 12980 13429 13465 13608 13635 13661 13665 13675 13687 13694 13734 13877 13932 14136 14158 14232 14274 14297 14398 14405 14452 14476 14499 15831 17118
copy-proof 10829
core 14954
corp/textron 16209
corpu 11025
correct 9061
cosmo 11978
costa-rica 9721
cotton-x 13803
counter 15015
counti 9024 9081 9244 9920 9997 10016 10303 10714 10880 10955 10989 10992 11321 11482 11640 11768 11939 11982 12155 12158 12487 12503 12686 12713 12866 13702 14195 14706 15156 16078 16090 16167 16199 16420 16431 16489 17080 17183 17332 17601
coup 13725 14635 16840
coupon 9740 11347 11799 12740 12896 14897 16435
cours 15522
court 14768 16296 16578
cover 15592
cpi 10260 10261 10384
cpsl 11039
crain 11115
creat 9153 10202 12945 15361 16846
creation 12175
credit 12455
crownamerica 12042
ctp 9369
currenc 8984
customer-assist 13886
cut 15039
cutoff 9344 12968 16540
cvgi 11432
cyacq 8918 11373
cyl 8778
d-neb 11955
d. 8916 9504 10400 10508 11594 13271 15214 15469 15972 16093 16306 16889 17612
danish 9735 12752
datron 13709 15122 15210
dcn 9623 15175
dco 10242
deal 9303 9363 9459 10997 11220 12028 12186 13686 14364
dean 10513 16058
debron 14741
debt 8816 8878
debt-to- 12277
debtor 16046
dec 14335
decid 17608
declin 8939 9804 10756 12424 12510 13831 13922 14009 14145 14235 14413 14638 14639 14660 16134 16312 16940
deduct 10911 11802
defens 15650 16669
defer 9429 9478 10039 10090 10096 11306 11548 11677 11705 12389 14307 14361 16085
del 14208
delatour 16749
deleg 10471 10491 12008
deliv 14651
deliveri 10172 10305 12425 12695 12711 12762 12796 13048 13495 13526 13705 13759 13778 13780 13897 13940 14031 14117 14183 14292 14588 15148 15893 15895 15903 15904 15999 16992 17007 17049 17378
deloitt 15345
delux 12902
demand 11382 17291
depart 8759 8993 9135 9859 10054 10188 10205 10444 10567 10604 10786 11037 11065 11077 11137 11587 11678 11965 12199 12338 12376 12838 13004 13097 13116 13119 13169 13856 14483 14552 14725 14771 14841 15271 15316 15351 15587 15675 15712 15853 15854 15858 15860 15863 15865 15866 15870 15874 15876 15877 15911 15927 15949 16316 16455 16612 16740 16915 16920 16990 17161 17398
deputi 17338
design 16914
deutsch 14856 17536
develop 15608
diapuls 11313
differ 14008 14020 14242 14248
digit 15167
dilo 15202
ding 16107
diol 16535
dioxid 14174
directli 10022 15784 17599
disc 10032 13353 13356 13511 13945 13960
disease-rel 10026
disi.o 16344
distanc 9590 9679 10641 11175 13247 15325 17654
distil 15339
dlr 9152 9461 9586 10065 11595
dlr-privat 13673
dlrs/bbl 12267
dlrs/share 10815 12839
dn 14336 14387
dollar 11324 14343 15121 16211
dollar-yen 17419
dollar/lira 13981
domest 10229 10695 11624 11711 13903 15375 15452
domin 9409
don't 9470 16132 16183 17263
doorn 17094
dosk 10566
draw 17337
dresdner 14182
dri 10494
drop 9703 9792 10746 13269 13730 15329 16127 16746 17384 17408
due 9294 9729 9861 10825 11803 12677 13411 15912 16604
duffour 12660
dun/bradstreet 10029
dyneer 11358
earli 9050 10434 12088 12465 13044 13091 14045 14196 14750 17343
earn 8768 8785 8808 8837 8908 8928 8930 8968 9116 9117 9255 9271 9385 9422 9438 9477 9530 9612 9613 9939 9992 10002 10050 10064 10074 10076 10162 10201 10207 10237 10240 10412 10439 10536 10542 10565 10833 10922 11027 11090 11154 11277 11571 11572 11856 11908 11930 11947 11994 12119 12448 12545 12549 12862 13059 13224 13336 13710 14168 14316 14547 14551 14934 15077 15078 15082 15118 15120 15157 15197 15208 15300 15379 15457 15553 15583 15651 15688 15702 15707 15708 15759 15780 15930 16172 16300 16610 16638 16884
ebe 16267
ec 12117 12415 14299
econom 15694
eddi 17501
edf 10396
edg 9500 9881 10804 11487 14199 14928 17328 17499
edibl 11953 14130 14139
edison 9827
edward 9627 11408 13218
effici 16824
ehrlich 12130
eighty-on 17480 17486
el 9616 11389 14598 14600 14973
elabor 13738
elect 9968 10013 10198 12193 13082
electrochem 9313
elektrik 15638
elev 16265
elgin 11553 11585 12093
elig 9060 9406 10138 12148 13099 13129 14434 14921 15291 15745 17356
elxsf 12232
em 9822 9840 12628 13760 17513
embassi 9863 10830 10967 11009 11392 15186 15362 15443 16218 16924
empa.to 16591
employe 8926 9289 9376 9449 9929 9956 10018 10052 11097 11130 11150 11151 11197 11255 11431 11618 11707 11791 11890 12159 12233 12314 12350 12384 12890 13101 13107 13146 14264 14266 14827 15115 15332 15605 15884 15955 15962 16020 16240 16373 16548 16579 16634 16689 16841 16845 16887 17159 17160 17379 17411 17435 17603
empresa 9912
en 9237 12911 12966
encount 11627 11638 13823
end 9264 11079 11871 15845
end-us 13256 13266 13865 14840
endeavour 11826
endors 14633 16903 17315
endoscop 15825
engag 11900
england 9299 11129 11922 13071 13618 14276 14312 17540
enjoy 9974 10723 12478
enlarg 10069 16119
entail 16640
enter 15253
enterpris 8909 9210 9234 9277 9373 9779 10320 10438 10457 10507 10892 11146 11402 11449 11804 11879 12106 12200 12535 12586 12663 13102 13615 14028 14932 15312 15848 16003 16464 17552 17562 17626 17656
equiti 9984
erad 9567
erod 9641 11082 15451
esca 11252
espc 10573
euratom 9452
eurobond 8774 8803 9394 11800 11818 11845 11901 11902 12412 12467 12476 13481 13498 13881 14927 15021 15022 15423 15426 15665
europeen 17466
evalu 17349
even 14015 14025 14246 14255
event 10901
everi 13614
exceed 8806 8941 9008 9330 9390 9492 10245 10325 10634 10826 12050 12682 14459 14975 15309 17151
exchang 8864 8949 10152 10492 10571 10818 11341 11396 11552 11586 11590 11603 11667 11926 11931 11963 12087 12228 12367 12388 12671 12930 12998 13065 13113 13229 13712 14275 14653 15340 15593 15788 15883 16484 16724 17512
exchange' 10942 11013
execut 8769 8881 8896 9154 9403 9758 9876 10100 10548 10640 11265 11406 11583 11637 11739 11866 12044 12178 12218 12261 12365 13037 13244 13794 14184 14611 15139 15213 15447 15511 15656 15826 15843 16256 16287 16577 16620 16693 16736 16774 16782 16787 16842 16898 17012 17019 17329 17430 17433 17606 17609
exhibit 13178
expans 10962 12755 12767
expect 13708
explan 10255 14820 14904 15154 16088 16187 16190 17318
explod 13067 14389 16536 17467
express 8779
extend 8817
extra 10112 10831 12621
f.w 15011 15012
fabri-cent 9311
facil 10060
facsimil 10285 11810 12025 12039 12468 15317 16102
fail 17188
fall 10956 12403 13671
family-own 16953
fda 16508
featur 13493
feb 9107 9600 10612 11259 11326
fed 8842 8911 8936 9635 10047 10075 11511 12177 14150 15092 15242 15677
fee 8952
feed 9201 9550 9579 9585 9646 11815 11834 11886 12375 12583 12615 12753 12802 13462 13729 14027 14074 14126 14186 14189 14230 14268 14450 14484 14531 14602 15676 15906 16974 17022 17380 17383 17477
ferc 9462
fhlbb 16893
figur 12700 14395
final 12675
financi 13594
find 17571
finish 9308
finland 8825 13824
finland' 11972
fir 12411
firm 8861 9000 9246 9420 9998 10794 12172 12402 12567 13251 13711 13878 13921 13924 13938 14050 14665 14700 15215 15770 15953 16069 16444 16563 16762 17158 17192
fiscal 14918
fiserv 13017
fish 9982
fix 17308
fixman 17644
flash 14022 14033 14040
flat 9781 11394
flatli 15693
fleme 14535
floating-dril 17365
flood 11426
fnni 15888
follow 9905 11427 11504 11957 15617 17153
forc 11067
foreclos 9434 12604 13018 14527 14582
foreknowledg 14883
foresaw 9156 11123 11363 12855 14988
forfeit 14212
foster 12563 13889 17138
four 9175 9488 10605 11156 12169 15588 15714 16982 17555
four-dlr 14680
four-year 9704
fragrant 13299 14821
franc 9727 9857 10323 10368 12495 12850 12921 13340 13435 13479 16298
frd 9671
freakish 11753
freddi 12010 12912 13909 15579
freeport-mcmoran 11476
fresno 14514
friction 17389
fukuhara 8945
fulfil 9666 10299 10498 10660 10770 16897
full 15219
function 17247 17532
ga 16966
galveston 12390 15484
garn 16153 16184
gd 12614
gdp 9196 9649 9655 9692 9769 10135 10340 10531 11000 11291 11327 11795 12576 12771 12788 12986 13234 14088 14891 14942 16108 16197 17143 17144 17185 17190 17222 17454
gdr 13625
gecl.l 12781
general 11712
ger 13293 13329 13344 13397
german 9205 9787 10345 11189 11447 12084 12423 12790 12828 12842 13471 13588 14109 14864 14956 15135 15311 15763 16171 16270 17193
germani 9948
get 17639
gggg 11336
ghana 11811
gholamreza 15244
giorgio 14469 14748
give 9057 9157 10163 11849 14776 15357 16056 16336
glendal 16675
glenn 16877
global 11391 15241 15472
gloeielampenfabrieken 11837
go 11869
gobert 12279 13115 16130 16215 16680
gold 8948 9799 9853 11830 12442 12639 13255 13304 13402 13407 13424 13431 13434 13668 14592 14734 14797 14852 14894 15278 15411 16589 17224 17285 17455 17457
gold/silv 11839 11852 13459
golden 9104 14177 15233 16585
gone 8891 10782 12498
good 14323
gorman-rupp 16834
gotabanken 10889
govern 9150 9445
gp 13307
gphi 15771
grade 9014 9031 12286 14444 14445 14448 14449 14457 14460 14464 14467 15767 17463
gradual 13042 14862 17234
grain 10559 11694 15868
grain/oilse 12361 13173 13861 15500
great 9044 10878 16530
greenwhich 16259
grossman 13182
grosso 13850
groundwork 13946
group 16002 16406
group' 11509
gs 16996
gt 16483
guardedli 16692
guillevin 11977
gun-shi 8943
gunship 15730
gw 10577 16173 16894 16905
gz 13929
haggl 9835
hakata 17073
half 9670 13606
hallmark 16248
hampton 15068
handy/harman 14251
hard 12723 14474
harm 11444 12618
havr 13412 14110
head 13685
heali 13220
healthcar 10251 17560
healthvest 13062
heart 9331 15088 15195 17495
heater 11562
heatrer 11005
hediard 12441
height 12094
help 9013 9120 9203 9214 9257 9762 9763 10082 10103 10244 10347 10606 10623 10717 10767 10777 10821 11177 11260 11455 11746 11831 11843 12145 12268 12397 12419 12432 12555 12647 12769 13236 13982 14210 14689 14850 15140 15166 15313 15363 15551 15939 16051 16062 16103 16214 16756 16785 16963 16973 16998 17083 17141 17200 17205 17268 17283 17322 17368 17386 17449 17452
hemoglobin 9455
hercon 8789
hercul 12291
hermdb 10765
high 9005 9574 10144 15101 15590
higher 13186
hit.t 11187
hmsb 10061 10085 15729
hmte 9896 9970
hoechst 8754 9728 9734 11525 14863 16477
hog 13584 13585 13587 13651 13654 13655 13684 13716 13723 13732 13766 13785 13805 13858 13859 13860 13872 13893 13931 13976 13977 13985 13986 14160 14167 14169 14171
hold 10952 17342
holleb 16663
hong 13346 14791
hostil 15600
hous 11496 14197 14356 17521
house-pass 16048 16064
household 8773
houston 8765 9016 9485 9573 10981 11118 11752 12304 12420 13204 13222 13713 14544 14615 14769 15018 15181 15184 15237 15254 15991 16731 17359 17429
howard 11579 15405 15439
hsc 9936
human 11250
humid 12160 13744
hunger 10134
huntingdon 17317
hvi 12257
hydro-quebec 12272
i.rup 14794
identifi 8819 9554 10077 10078 10126 11074 11575 12457 12472 12473 12708 12933 13072 13963 14211 16006 16092 16226 16389 16833 16965 17207 17218 17261 17371 17573
ilacqua 9947
ilaqua 10168
impli 16770
inc 11318 15823
incent 14989 16775
inclin 11024
incom 9272
increas 10175 11023 12395
indebted 9318 10147 10413 11131 11988 14997 15760
independ 15474 15628
index 10276 12733 13332 14836 16104 16757 17451
india 10300
individu 9314 13688
indonesia 13248
indu 12808
industries/wagn 11139
inexperi 10270 10360 10392 15403
influenza 16032
info 13833
insignia 9725
instead 11625 16036
int 13305 14496
intang 12876 15071
intc 15475
intellig 14772 17403
interamerican 9648
interest 10222 11660 13623 16524 17310
interferon 10020
intern 8953 9719 16808
interven 9128 16743 16754
intf 16041
investors' 16070
ipc 11494
ipi 10314 16843
iran 10663 11992 12254 13527 13666
irish 16557 17250
iron-steel 11030
irri.mi 10912
issu 13447
italiana 16341 16497 17388
ito 9755 9976 10311 10726
ive 15102
ivermectin 9546
ivorian 10613
iwc 9772
j-yen 13643 13648
jackpot 10479
jamaica 10519
jan 9103 9366 11127 12150 12672
januari 11159 17286
japan 10123 10675 10809 11204 11672 12372 13314 13908 14857 15975 16094 16357 17059 17070 17181 17201 17214 17448 17453 17478 17598
japanes 14380
jasim 16542
jem 11272
john 12662
joint 10488
jpi 15501 15698 15861
jurisdict 8933
just 15453
karstadt 13581
katz 10014
kb 12204
kernel 11778 12275 13638 14221
key 10718 12406 12777
kilometr 13200
king 16206
kingdom 10735 16096 16180
kirk 16459
knight-ridd 14099
kong 16758
kuroda 13039
l'energia 16290
l-cattl 13973 14019 14058 14116 14124 14179 14247 14294 14345 14349 14382
labatt 9543 11157
lack 16144
laenderbank 9765 9802
lambert 15025 15127
later 9900 12895 13507 15681 17529
lavoro 11868 12536
lawrenc 10108
layer 12578
layoff 10169
lb 13799 14486 15952
lda 10203
least 9526 9581 11215 11732 12181 12485 16237 16564
lebanes 15527
leigh 15048 17508
less 8885 8932 9046 9521 9549 9766 10501 11349 11352 11462 12650 12653 13496 13790 14478 14687 14766 14892 15047 15238 15835 15987 16268 16368 16555 16713 17353
lest 12121
lexington/frankfort 16451
lfg 16042
liabil 17642
liban 10638
libyan 9695 9776 10575 10639 12736
libyan-control 9209
lich 16479
licia 9405
lif 11756
liff 13394 14057 14059
lilli 9364
link-up 16739
lipc 13380 13382
lira/mark 11944 13919
live 9628 9829
livestock 9754 10306 11961 12595 12603 13149 14548 14698 15504 15532 16009 16255 16980 17090 17176 17319 17358 17390
load 9473 10226 10803 10949 11601 11885 11911 11936 12081 12262 12327 12366 12541 12927 12934 13022 13033 13058 13070 13120 13818 13892 14018 14089 14092 14115 14360 14475 14500 14650 14657 14685 14688 14701 14702 15150 15192 15279 15614 15660 15710 15942 16014 16354 16378 16520 17145 17387
loan 9659 10180 10783 12120 13137 13254 14720 15490 16857
loan-rat 14515
loc 17032
locally-mad 12439
logicon 14731
lomak 10146 15296
lomk.o 16665
long-grain 16147
loss 8794 8814 8985 8995 9003 9113 9287 9389 9428 9463 9475 9572 9598 9652 9815 9965 9994 10035 10053 10231 10459 10524 10538 10597 10884 10963 10966 10983 11019 11036 11128 11132 11153 11308 11317 11340 11424 11429 11529 11578 11614 11622 11687 11689 11696 11701 11750 11966 11993 12035 12154 12163 12176 12239 12255 12271 12294 12379 12382 12508 12649 12705 13093 13110 13118 13131 13203 14103 14388 14524 14963 15104 15188 15259 15295 15482 15679 15777 15984 16319 16337 16400 16426 16441 16606 16807 16886 16911 16912 16918 17496
loss-mak 13250 14824 17148
low 13560 14054 14219 14416 14439 14442 14463 14495 14529 14662
lower 13512 13748
lowest 10460 12731 12810 13008 16213
lsb 10458
lucadia 10991
macbean 12821
machin 13689 17232
madam 15306
made 12324
madison 13848 14654 14710
major 8876 9073 9089 9114 9147 9262 9345 9484 9499 9520 9562 9563 9694 9910 10000 10015 10028 10132 10155 10156 10160 10220 10310 10331 10332 10435 10679 10684 10749 10762 10808 10876 11126 11134 11206 11207 11508 11557 11563 11723 11779 11783 11790 11844 11907 12027 12069 12205 12436 12557 12571 12592 12617 12635 12841 12854 12936 13056 13074 13075 13159 13162 13168 13262 13267 13365 13417 13421 13529 13534 13535 13548 13627 13795 14263 14270 14779 14825 14844 14882 14889 14905 14913 14924 14976 15111 15155 15191 15198 15324 15516 15606 15697 15725 15737 15910 15914 15915 15921 15922 15923 15928 15950 15951 15956 16196 16212 16242 16310 16334 16495 16543 16581 16745 16750 16776 16902 16908 16946 17040 17045 17136 17279 17281 17316 17321 17352 17475 17520 17568 17604
malayan 16091
malaysian 10624
malaysian/singapor 13499
malpractic 15204
mancera 17187
manni 9371 9372
mar 13438
march 9326 10437 11353 11610 11612 12012 12253 15502 15690 17525
market 12776 12804
masahiko 14874
matur 9384 11941 12016 12040 12880 12908 12919 13827 13875 14084 14984 15371 15409 15560 15578 15610 15758 16274
may/first-half 17132
mcdougal 12449
mckesson 12667
mclean 10516 10582
md 9019 12295
mdxr 11909
meant 9377 11235
med-pen 8966
media/unit 15775
medic 9059 9658 9818 16709
medicin 9542 9916 15537 17514
medium-rang 17290
mellon 9632
memorandum 15089
merchant 12539 14286
mereeni 13265
merril 12082 17567
meston 9642
metr 10591 11880 16960 17225 17516
metrolog 15087
mexican 9715 9940 10266 10353 12118 12369 12392 13502 13631 17142 17149 17154 17177 17450
mexico 14709
mgre 16288
miami-brazil 9119 9121
mickelberri 9809
mid-crop 13487 13650
mid-may 17228 17287
mikhail 10664 11222
miltop 10851
mina 13287
minerals/chem 17624
mini 11217 16849
minist 15319
minneapolis-st. 10025
minoxidil 15269
mission 15818
mississippi 17614
miyazawa 17047 17072
mkuwi 10084
mln 8787 9960 12596 16121 16262 16934 17535
mohav 11507
mohwk 14617
monday 8895
money 9123 9164 9178 9215 9841 10183 10512 10936 11861 12703 12714 12732 12741 12750 12784 12800 12879 14513 15989 15996 16097 16204
money-fx 9871 10263 10358 10651 10731 11365 11450 11551 12456 12471 12801 12923 13660 13988 16106 16161 17313
monitor 15187
monolith 9038
month 10131 10622 10673 10875 10977 11775 11805 13181 16703 16851 17054
moret 10778
morn 13551 14155
mose 9418
moslem-bas 17055
motor 9979 14683
move 9225 9656 9711 10593 12318 12632 12640 12847 12983 13525 13616 14355 15982 16023 16891 17101 17417
mst 15506
mulford 9955
multicomput 16528
museuem 13782
n't 9495
n.c. 17657
nasdaq 11439 16514
nat'l 10838
national 15406
natur 17611
navi 10166 17645
near 17596
negot 11545 15957
new-money 11155 16773
next 12447 16165 17497
nine-on 13154
nogal 9591 9630 10937
noland 12227
non-cal 10157
non-exec 15174
non-opec 10192 17254 17289 17584
non-perform 10233
none 14133 14204
norris' 14506
north 12312 14972
nosed 10693
note 9419 12939 13165 15881 16879
novemb 9170 17196 17273
november/march 16936
nttn.a 15438
nurseri 10027 10040 10729
nutrit 16293
nyse 11304 13597 13808
obstruct 17528
obtain 16087 17650
offer 14376 17481
offici 9143 9300 9348 9537 9651 9882 10030 10133 10247 10262 10275 10289 10525 10627 10666 10814 10927 11323 11512 11591 11600 11784 11813 12533 12994 13012 13201 13242 13540 14220 14819 14951 15255 15350 15417 16039 16778 16943 17220 17237 17249 17272 17381 17503 17537 17629
often 9079 15284
oil 8812 9731 10137 11421 17046
oil/ga 16007
old 17002
oln 13195
omb 11937 15117
omc 14284 16385
one 9266 10464 11018 12067 12315 13948 15519 17564
one-year 10801 11676 13228 13420 15940 16786 17407 17470
onward 15913
open-int 13028 14384
oper 8761 8766 8780 8799 8834 8849 8860 8862 8866 8879 8892 8899 8913 8914 8921 8951 8957 8959 8962 8964 8976 8979 8999 9012 9032 9033 9042 9072 9097 9102 9145 9160 9167 9191 9207 9218 9219 9231 9232 9236 9242 9259 9261 9278 9286 9293 9296 9298 9316 9323 9339 9352 9353 9362 9368 9370 9378 9383 9400 9401 9427 9432 9437 9439 9443 9446 9451 9471 9486 9491 9502 9513 9525 9560 9601 9610 9647 9665 9685 9746 9764 9778 9786 9810 9826 9833 9838 9839 9844 9847 9855 9865 9874 9894 9927 9928 9938 9941 9950 9952 9963 9967 9981 9990 10006 10008 10017 10023 10041 10046 10058 10067 10094 10095 10097 10105 10140 10161 10164 10165 10170 10182 10185 10195 10200 10241 10250 10252 10253 10258 10269 10272 10292 10302 10307 10327 10329 10342 10363 10371 10381 10390 10393 10430 10453 10472 10485 10487 10502 10505 10521 10544 10552 10555 10561 10586 10589 10598 10601 10644 10656 10711 10751 10755 10791 10834 10849 10855 10869 10904 10913 10919 10938 10943 10960 10961 10964 10965 10968 10973 10974 10980 10986 10987 10999 11004 11021 11028 11031 11034 11035 11045 11049 11053 11059 11069 11072 11081 11106 11107 11109 11136 11145 11165 11180 11192 11195 11199 11241 11244 11247 11256 11266 11270 11301 11302 11320 11325 11333 11338 11344 11355 11359 11370 11381 11388 11395 11403 11423 11434 11464 11468 11479 11497 11498 11539 11540 11549 11550 11566 11568 11569 11581 11630 11631 11633 11646 11647 11649 11656 11683 11685 11688 11690 11697 11714 11715 11720 11726 11733 11735 11754 11758 11793 11824 11829 11832 11841 11860 11878 11898 11904 11910 11918 11920 11943 11968 11983 11985 12003 12005 12017 12020 12021 12033 12034 12048 12053 12056 12058 12059 12068 12077 12110 12115 12133 12151 12153 12166 12173 12179 12183 12192 12201 12212 12238 12240 12258 12284 12305 12307 12309 12319 12339 12351 12360 12362 12368 12380 12386 12400 12409 12418 12422 12459 12463 12500 12504 12512 12517 12532 12550 12553 12562 12568 12569 12573 12587 12590 12609 12624 12630 12637 12644 12654 12666 12668 12688 12691 12697 12702 12706 12715 12724 12779 12789 12803 12819 12857 12860 12861 12864 12867 12871 12874 12883 12885 12899 12900 12905 12924 12937 12956 12964 12971 12981 12984 12992 13003 13020 13035 13064 13088 13090 13132 13135 13136 13145 13160 13167 13174 13187 13191 13192 13199 13214 13227 13233 13315 13387 13416 13488 13489 13530 13532 13533 13544 13656 13715 13757 13765 13770 13772 13835 13854 13926 14029 14039 14095 14096 14106 14148 14175 14190 14213 14315 14324 14327 14329 14440 14462 14485 14540 14541 14554 14572 14573 14587 14594 14601 14616 14629 14666 14667 14679 14684 14719 14742 14743 14745 14759 14760 14802 14823 14831 14845 14885 14908 14933 14939 14955 14965 14977 14980 14983 14993 15007 15031 15036 15067 15091 15093 15094 15149 15163 15169 15182 15205 15250 15260 15267 15274 15277 15292 15307 15323 15366 15378 15380 15390 15394 15399 15418 15427 15436 15441 15442 15459 15460 15467 15523 15554 15565 15571 15599 15604 15618 15624 15625 15644 15655 15664 15673 15683 15691 15692 15699 15703 15704 15731 15755 15756 15773 15779 15791 15803 15809 15811 15814 15815 15821 15834 15851 15882 15892 15918 15932 15935 15961 15966 15967 15970 15979 15988 15993 16022 16030 16139 16141 16177 16178 16185 16207 16210 16221 16245 16252 16258 16261 16271 16273 16277 16278 16284 16286 16301 16318 16327 16339 16340 16342 16343 16347 16349 16364 16379 16413 16414 16432 16438 16449 16462 16475 16481 16485 16492 16496 16519 16526 16532 16538 16560 16569 16575 16587 16597 16602 16609 16613 16621 16632 16644 16647 16650 16661 16697 16707 16710 16711 16742 16804 16812 16815 16819 16847 16863 16867 16870 16878 16880 16882 16888 16901 16925 16971 16983 17011 17013 17015 17017 17020 17031 17034 17037 17042 17109 17111 17114 17163 17164 17169 17174 17211 17258 17264 17270 17326 17330 17331 17340 17345 17347 17355 17376 17488 17498 17539 17541 17551 17577 17587 17595 17618 17637 17646
opposit 9292 9490 9617 10563 13277 14816 16018
opt 11952
orang 15960
orcl 10790
orient 8904
origin 8823 8958 8961 9035 9068 9095 9108 9193 9230 9355 9512 9559 9604 9774 9785 9907 10122 10330 10333 10343 10365 10367 10373 10403 10409 10414 10426 10584 10705 10728 10752 10758 10929 11044 11133 11202 11239 11258 11294 11331 11332 11375 11523 11599 11729 11743 11801 11889 11899 11933 11948 11975 12075 12394 12443 12491 12543 12619 12638 12763 12786 12884 12943 13274 13516 13523 13562 13607 13639 13644 13828 13876 13895 13951 14135 14206 14224 14311 14330 14511 14543 14716 14870 15003 15040 15143 15216 15245 15430 15700 15742 15792 15820 15836 16080 16146 16168 16227 16466 16512 16544 16986 17043 17074 17086 17197 17357 17364 17494 17510 17542 17575 17593 17652
orlean 14418 14645
ottr.o 16726
outlin 9515
outlook 12073 12216 12398 12469 13276 13290 13784 13990 14252 15946 16574 16823 16892 17085
outspoken 9689 9797
overallot 13767
overrid 10421 11383 11456 11593 11604 11917 11969 12051 12684
oversea 10610
oversubscrib 13051 14436 17561 17565
own 8770 8831 8872 8874 9127 9252 9285 9410 9453 9615 9622 9709 9726 9891 9932 10446 10674 10978 11061 11221 11257 11528 11722 12049 12219 12225 12236 12610 12648 12652 13086 13098 13753 14087 14451 14519 14626 14735 14834 14842 14929 15010 15272 15275 15533 15616 15713 15735 15740 15920 15963 16295 16656 16657 16761 16872 17048 17056 17110 17171 17292 17361 17413 17538 17627
oxid 15072 17563
packag 9830 9832
pact 9686 9851 11480 12342 14200
page-william 14728 14730
painewebb 10979 13612 15783 16216 16430
pakistan 11166 12585 12760 13484 13501 13517 13906 15220 15925 16054 16225 16945 16956 17221
paper 9684 11709
parana 15106
pari 9958 12564
parker 11734 12195 12345 13209 15327 17367
partial 9713 9780 9793 10959 13130 16250 16716 16784 17135 17327
particip 11181 14708
particularli 8955
partnership 9001 16683
partnership' 10073
partnner 11892
partnship 12957
parts-manufactur 16113
paul 14826
pay 10037
payabl 15421
payout 8788 8898 8912 9354 9426 9547 9588 9901 9902 10115 10484 11098 11628 12036 12064 12128 12184 12185 12293 12580 12643 12897 13126 14166 14402 14545 14586 15299 15634 15637 15901 15902 15933 16392 16401 16468 16469 16470 16471 16472 16473 16835 16836 16837 16838 16839 17554 17582 17583 17588
pbsi 14614
peacock 9126
penalti 14337
penc 13361 13505
penobscot 9678 15752
pent-up 9421
peoria/indianapoli 13545
pepsico 8822
perci 11472
period 8848 8883 9037 10021 11208 11673 12991 13001 14597 15257 15555
peruvian 13611
petroleum 13025
phenomenon 10055
pie 11298 16580
pii 16518
pioneer-standard 9306
plant 10010 10143 10424 11608 15201
platinum 13628 13634 13679 13698 13802 13840 14036 14239 14259 14400 14431 14466
pldt 15413
pleas 8775 9516 9529 10713 11229 11364 11634 13210 13219 14055 14278 14703 15346 17133 17213
pmt 12426
pogo' 17354
point 9675 10636 11862 12249 12259 12410 12481 13024 13491 14371 14631 16861
polxf 14072
polyethelyn 11708
polyphenyl 17580
ponta 13834 13839 13883 15536 15540
poor 10433 14637
pope 17166
popolar 10540
populair 14642
pork 11268 13683 13774 13781 13788 13944 14258 14454 14502
porsch 12979 13000
portsmouth 14715
possibl 9397
potlatch 16735
pound 10001 11121 12029 13515 13779 13783 13792 14559 14605 15804 17137
power 11692
ppac.o 16482
ppc 11223 16157
pr 9571 13364 13367 13368 13440 13474 13486 13624
prd 13084
pre 8804 15631
pre-sold 15813
pre-split 12301 14282
pre-tax 9189 9741 10436 10688 11168 15387 16159
predat 16249
prefer 10481 12622 14632 14722 15909
prejudic 16456
premium 9888 11194 11346 11471 11786 12451 12458 13703 14926 17476
prevent 9980 10308 10364 10736 10766 11119 12470 12623 12761 12823 13030 14724 15013 15400 15455 15503 15720 15936 16111 16189 16764 16930 16988 17041 17066 17088 17209 17282 17436
previou 16067 16541
primari 14935
primarili 11170 11620 11698 13217 13291 16516
prime 10277 11716 11903 11934 11940 11960 11989 12019 12102 12112 12125 12229 12235 12246 12260 12274 12297 12302 12316 12336 12483 12509 12514 12657 12687 13230 13317 14214 14472 17464
primit 17443
privat 13786 13789 13911 13975 13989 16012 17586
private-sector 17297
process 9324 9962 10128 10619 10832 11312 11997 16122 16820
product 8758 9837 10283 15001
profit-particip 9202
profoundli 17293 17300
program 8973 10535 10887 11003 11467 11519 11665 14512 14875 15314 15574 15812 16246 16404 16601 16875 17262 17399 17649
programm 9192
prohibit 9092 10451 12190 15806 16769 16972 17030
project 17152 17157
prompt 13297 14518
propel 10012
properti 11335 15609
prospect 9181 9190 9450 9501 9959 10629 10738 10845 10873 10896 10918 11040 11314 11322 12009 12744 12772 12833 12858 12987 14652 15123 15203 15266 15328 15396 15621 15630 15643 15873 16359 16506 16968 17162 17605
protocol 12404
provid 12248
provis 15762 16434 17014 17092
ps 16679
psbn.o 16797
pti 9736 10317 10339 11236 11237
pulitz 9587 17581
purchas 8830 8877 8922 8923 8938 8987 8996 9018 9027 9045 9052 9093 9176 9341 9367 9392 9398 9416 9522 9626 9889 9895 9925 10066 10120 10158 10217 10232 10309 10318 10348 10404 10418 10490 10518 10551 10596 10654 10805 10836 10843 10848 10893 10899 10939 11016 11041 11042 11055 11056 11101 11227 11228 11271 11339 11374 11393 11445 11473 11527 11597 11602 11619 11655 11657 11693 11847 11872 11874 11923 11946 12004 12055 12105 12123 12132 12168 12217 12269 12310 12323 12325 12332 12343 12378 12387 12417 12525 12528 12625 12636 12679 12710 12751 12853 12863 12988 13011 13096 13103 13171 13175 14073 14298 14574 14585 14619 14793 14813 14833 14945 14978 14999 15008 15052 15107 15158 15249 15273 15287 15297 15305 15341 15386 15458 15476 15514 15572 15800 15916 16021 16035 16117 16247 16391 16409 16510 16521 16531 16586 16618 16652 16659 16831 16976 17001 17029 17053 17105 17107 17341 17421 17559 17569 17589
purol 11762 12139 13775 15542 15544
pursuant 9557
qchm 9503
qtr 8810 8865 8890 8956 8969 9034 9238 9301 9399 9556 9577 9605 9606 9625 9682 9807 9868 9914 9930 9961 9973 10254 10281 10284 10534 10600 10870 10897 10923 10946 11047 11058 11060 11305 11443 11452 11475 11588 11666 11713 11721 11724 11877 11967 12085 12149 12207 12231 12266 12306 12341 12658 12659 12681 12721 12824 12831 12901 12914 12949 13031 13078 13148 13717 13796 14180 14417 14427 14969 14970 15000 15026 15046 15056 15065 15090 15136 15189 15315 15326 15348 15354 15359 15477 15489 15667 15753 15772 15782 15807 15899 15969 15985 16016 16266 16283 16297 16315 16324 16346 16350 16360 16363 16365 16371 16374 16405 16416 16417 16454 16476 16478 16487 16533 16546 16608 16615 16619 16628 16635 16641 16655 16670 16717 16795 16798 16799 16806 16813 16817 16818 16858 16890 16913 17558 17607
qtrli 11433 12962
quadram 17557
qualifi 9934
quarter 17633
queri 11639 13629 17418
rac 15907
rad 15258 15283 16694
rand 8757 10372 10378 13690 13791 13900 14001 15575 17251
randol 11149 15084
rang 9130 9248 9852 10267 10616 10882 10908 11080 11542 11589 11755 11792 12144 12161 12348 12599 12626 12849 13156 13206 13285 13321 13375 13418 13543 13667 13676 13691 13843 13847 14081 14143 14332 14404 14447 14487 14599 14762 14846 14966 15042 15055 15276 15393 16129 16241 16282 16525 16681 16706 16929 17414
rate-nihon 17445
rationalis 14909
ravnholt 11330
reactor 12544
readi 13150
reagan 15661 17615
real 10602 11470 15841
realist 11513
rebat 9304 15256 15648 15649
receipt 13674
recently-open 15226
recess 8902 9464 9788 9923 10632 10649 11083 11179 11956 12396 12497 13455 14691 15310 15352 16072 16200 16201 16852 17172 17252 17406
recipi 9667 12405 13215 16272
reciproc 12474
reckitt 12408
reconven 15252
record 14835
recquir 10486
redempt 8942
redesign 15218
reduc 8764 8931 9162 9493 11682 13842 15938 16323
reduct 14441
refin 9790 16362
refineri 9634 9738 9849 9915 10038 10581 10750 11100 11559 12775 12940 13286 13633 14714 14732 14740 15344 15696 16005 16086 16110 16224 17427
reflect 11478 15521 16910
reform 10230
refund 8920 8954 9594 9624 10190 12602 13164 15293 16238 16452 16909 17156 17325
registr 12746 13422
remov 10049
renato 9051
repair 9483 9527 10988 12997 16077 17219
replac 10824 10865
report 9639 11766 15142
repres 17227 17288
represent 9716 9846 9945 11299 11863 12676 12722 15620 16370 16427 17502
repurchas 9514
reservoir 9208 9892
respond 8906 9036 10380 10900 11048 11516 12794 13043 13494 13537 14012 15370 15802 16059 16231 16977 16994 17051 17071 17140
rest 12680
result 11924 13721 14697 15602
resum 17311
retire 15343 15994
reuter 8755 8771 8782 8784 8807 8809 8836 8839 8844 8851 8863 8869 8887 8889 8944 8974 8980 8986 8994 9009 9015 9062 9065 9070 9087 9098 9099 9106 9110 9138 9141 9158 9165 9180 9186 9211 9212 9216 9223 9265 9273 9281 9288 9295 9315 9386 9388 9440 9487 9519 9536 9539 9541 9564 9582 9611 9621 9657 9662 9668 9693 9701 9710 9714 9742 9743 9753 9784 9795 9796 9813 9848 9864 9866 9877 9887 9893 9909 9919 9989 10063 10071 10091 10101 10113 10130 10150 10197 10225 10228 10246 10249 10264 10291 10298 10341 10357 10377 10379 10385 10432 10445 10470 10473 10476 10514 10520 10528 10533 10546 10547 10569 10603 10608 10617 10626 10628 10647 10648 10670 10676 10696 10715 10724 10734 10741 10743 10744 10759 10773 10775 10780 10784 10795 10807 10812 10817 10835 10860 10914 10931 10944 11022 11029 11046 11063 11094 11096 11103 11138 11141 11144 11186 11198 11211 11231 11242 11253 11273 11279 11310 11328 11334 11351 11357 11361 11386 11400 11414 11438 11459 11465 11486 11490 11491 11492 11517 11546 11567 11574 11615 11635 11703 11725 11744 11745 11748 11751 11759 11777 11781 11808 11809 11883 11884 11925 11979 11996 12022 12066 12072 12097 12108 12127 12156 12171 12198 12202 12203 12222 12226 12252 12273 12278 12281 12298 12340 12355 12431 12444 12454 12464 12480 12515 12531 12598 12629 12670 12690 12709 12716 12770 12778 12780 12806 12843 12848 12887 12935 12938 12953 12955 12973 12996 13063 13066 13104 13133 13157 13185 13208 13216 13235 13249 13260 13261 13322 13379 13396 13410 13414 13423 13452 13492 13549 13557 13561 13576 13593 13595 13600 13602 13636 13657 13662 13663 13697 13704 13735 13769 13771 13777 13800 13814 13830 13869 13942 14000 14005 14144 14156 14165 14280 14318 14366 14377 14533 14606 14618 14671 14674 14690 14712 14713 14744 14756 14757 14761 14780 14847 14849 14869 14917 14923 14982 14987 15005 15028 15085 15098 15131 15141 15151 15211 15230 15232 15239 15263 15264 15286 15298 15318 15333 15338 15382 15392 15515 15580 15589 15597 15619 15629 15635 15672 15684 15701 15705 15728 15776 15778 15796 15864 15875 15891 15896 15941 15965 15986 15997 16000 16065 16082 16148 16155 16163 16174 16176 16195 16229 16236 16257 16275 16314 16321 16348 16351 16369 16377 16381 16382 16394 16419 16437 16450 16460 16490 16534 16565 16583 16598 16645 16753 16821 16826 16844 16848 16854 16869 16899 16906 16926 16939 16947 16969 17004 17025 17058 17064 17065 17077 17079 17082 17103 17106 17108 17119 17134 17147 17191 17194 17235 17256 17304 17305 17334 17336 17363 17395 17397 17400 17447 17460 17507 17574 17579 17620 17630 17636 17651
rev 10856 16219 16443
revenu 14393
rexham 15558
rgm.to 16232
rhetor 11287
rican 10179
rideshar 14630
right 8829 8871 9063 9133 9173 9249 9297 9553 9619 9886 9898 9917 10044 10098 10167 10349 10620 10730 10788 11311 11514 11526 12111 12329 13041 13472 13826 14083 14994 15290 15463 15526 15685 15736 15808 16143 16182 16186 16203 16326 16384 16830 16928 17062 17524 17625
rightsd 8827
rise 10683 12805
rlm 12256
roadway 12061
roaster 12011 12208 12655 12701 14372 14546
rocket 10607 17492
rod 9607
roebuck 9109 15546 15659 15734 16308 16313 16576 16941 17130
roger 11654
roh 12989 17585
rok 15160
ron 10916
routin 11248 11817 11848 12875 13670 14302 16559
royal 11070 15924
royex 11584
rpt 17010
rubbermaid 9608 14967
rudman 17023
rvr 17404
s.e 14808
saab-scania 9199 9200
said 8776 8875 8900 9083 9118 9233 9243 9468 9489 9548 9845 10510 10844 10898 10935 11458 11616 11718 12131 12287 12538 12661 12669 13016 13061 13873 13912 14153 14295 14943 15009 15119 15147 15170 15261 15662 15945 16193 16304 16552 16572 17284 17437 17482 17550 17602
sak 10248
sale 12889 15563 16289
sale-at-a-loss 11644
sales-incent 11367
salin 17526
salomon 8786 8805 8937 8967 9086 9169 9269 9276 9291 9329 9351 9593 9724 9791 9931 9999 10051 10312 10351 10580 10867 10940 11011 11032 11108 11219 11246 11719 11867 11916 12537 12699 12873 13040 13874 13899 14868 14901 15019 15492 15645 15786 15839 15857 15880 15894 16149 16686 17120
sam 16217 16556
same-stor 12137 15538 15586
san 8886 9918 10662 10811 13147 16235
sanchez 14468
sang-yon 17302
sao 9391 11605 11626 14577 15433
saouma 12718 15058
sarji 16126
saturday 9683 9908 13610 14037 16010 16962
sawmil 10086
sbr 13223
scanner 9924 14947
sch 13370 13377 13469 13508 13558 13579 13603 13632 13696 13737 13992 14060 14215 14216 14686
schedul 11484 12242 15751 17098
schroder 12738 15401
sci-m 15060
scm 8893 10419 11441
scottish 12353
sdr 13480
sdyn 11980
seax 16463
secaucu 13077
sector 8763 8820 8901 8929 8963 8990 9048 9139 9149 9163 9174 9182 9206 9213 9408 9458 9479 9555 9660 9672 9673 9700 9706 9717 9722 9732 9733 9759 9760 9761 9819 9975 9978 10004 10036 10043 10045 10059 10118 10121 10124 10278 10287 10383 10408 10461 10618 10625 10637 10686 10697 10703 10706 10707 10725 10737 10748 10754 10827 10854 10863 11007 11014 11038 11120 11135 11172 11178 11243 11275 11280 11366 11368 11442 11463 11530 11535 11679 11742 11765 11771 11838 11840 11882 11921 11949 12026 12122 12196 12292 12320 12321 12363 12407 12466 12477 12521 12524 12552 12584 12605 12642 12656 12696 12743 12764 12818 12826 12830 12878 12909 13069 13177 13238 13239 13245 13280 13331 13333 13446 13571 13577 13809 13966 13993 14068 14100 14102 14277 14279 14310 14352 14390 14492 14510 14609 14733 14758 14818 14853 14858 14867 14880 14890 14952 14959 15014 15103 15110 15246 15289 15347 15369 15372 15374 15381 15422 15480 15488 15531 15552 15556 15567 15687 15743 15793 15840 16060 16114 16116 16128 16140 16142 16158 16166 16292 16361 16402 16457 16501 16600 16617 16701 16747 16777 16853 16935 16937 16938 16948 16949 16957 16964 17018 17061 17075 17155 17170 17198 17199 17203 17206 17217 17223 17271 17294 17344 17372 17373 17385 17402 17409 17410 17416 17423 17428 17434 17458 17474 17505 17592 17628
securitiesd 16311
see 16827
sell 9004 9010 9358 9435 9862 9966 10871 11073 11686 11691 11875 11876 12234 12430 12530 12972 12993 13009 14560 14567 14805 15138 15302 15887 15926 16666 17484
sell-off 15125
semipalatinsk 12729
seneca 14520
sep 13426 13436 13503 13519 13574 13575 13619 13626 13747 13756 14108 14128 14176 14231 14363 14379 14636 14788 14807
separ 9327
sequest 14888
session 9674 13958
set 8797 8852 8880 8992 9040 9085 9136 9151 9204 9245 9360 9404 9480 9507 9531 9540 9551 9589 9599 9705 9933 9986 9988 9991 10093 10110 10111 10151 10171 10256 10274 10297 10389 10429 10509 10669 10672 10732 10764 10810 10894 11043 11086 11104 11105 11182 11226 11282 11319 11428 11510 11558 11576 11606 11636 11730 11788 11822 11828 11835 11853 12001 12045 12046 12091 12114 12152 12445 12446 12501 12554 12579 12620 12646 12678 12689 12726 12734 12749 12845 12872 13161 13166 13170 13226 13264 13279 13289 13328 13398 13404 13851 13984 14291 14455 14479 14640 14656 14670 14749 14785 14851 14855 14866 14898 14920 14946 15032 15112 15159 15199 15236 15268 15360 15385 15398 15414 15435 15466 15541 15547 15550 15585 15612 15647 15761 15816 15830 15850 15862 15958 15959 16162 16253 16279 16322 16329 16393 16396 16549 16566 16568 16699 16721 16722 16768 16805 16907 16932 16942 16950 16952 16967 17057 17255 17278 17301 17441 17446 17468 17471 17472 17515 17566
settel 9112
settl 14481
seven 8826 8857 8981 8988 9021 9284 9302 9467 9592 9794 9820 9903 9904 9937 9993 10083 10119 10227 10319 10427 10480 10570 10614 10699 10739 10886 10990 11671 11700 11857 11964 12078 12079 12129 12164 12221 12270 12288 12311 12401 12561 12572 12616 12645 12783 12844 12856 12859 12913 13155 13275 13378 13720 13749 14077 14141 14262 14509 14569 14751 14828 14832 14854 14896 14919 14992 15024 15145 15355 15410 15431 15471 15481 15486 15528 15562 15591 15611 15615 15622 15632 15828 15886 15897 15900 16008 16019 16038 16073 16175 16507 16511 16642 16959 17016 17093 17095 17113 17122 17339 17420 17553 17578
seventeen 11085
sex-and-spi 14809
sgat 14622
shandong 15388 17215
share 8975 9280 9842 9949 9983 10181 10218 10234 10280 10282 10338 10447 11329 12103 12929 13714 13787 14584 14876 14990 15037 15116 15177 15429 16037 16145 16421 16493 16502 17127
sharehold 8947 9030 9064 9258 9506 9538 9644 9677 9858 10088 10208 10387 10560 10789 10971 11088 11410 11451 11515 11981 12374 14397 14539 15004 15034 15196 15561 15663 16057 16590 16688 16999 17619
sharp 9869 10861 11075 11360 11555 11859 15607 17469
shed 10615
shield 13461 16550
shop 8798 9508 9584 10149 10709 10975 10998 11652 12083 12191 12276 12502 12907 12917 13586 14090 14419 15063 15081 15524 15534 15867 15878 16061 16332 16547 16734 16791 17312 17509 17631
short-cov 13316 13641 14595 17230 17265
shot 16789 17117
show 8884 9283 9382 9393 9433 9552 9691 9708 9803 10708 11124 11185 11190 11214 11376 11776 11820 11932 12080 12488 12754 12758 12791 13406 13559 13807 13832 14217 14287 14313 14331 15212 15497 15509 15539 15573 15724 15768 15917 16100 16118 16222 16567 16658 17033 17238 17241 17242 17248 17306 17374
shr 8767 8858 8859 8868 8925 8970 8997 9049 9066 9080 9091 9111 9250 9267 9270 9274 9317 9346 9441 9511 9576 9578 9580 9964 9985 10099 10215 10235 10401 10431 10853 10885 10891 10917 10924 10972 11057 11283 11307 11499 11500 11543 11564 11621 11629 11664 11668 11727 11896 12014 12063 12098 12187 12334 12511 12520 12570 12631 12704 12869 13026 13092 13114 13122 13695 14091 14093 14285 14300 14516 14517 14525 14549 14755 14958 14960 14962 14968 14971 14981 15016 15023 15027 15053 15062 15070 15074 15109 15172 15180 15185 15221 15243 15265 15495 15535 15548 15559 15594 15601 15613 15640 15669 15715 15719 15757 15790 15819 15852 15889 15934 15937 15980 15981 16015 16202 16228 16260 16263 16291 16299 16303 16317 16372 16376 16386 16388 16418 16428 16440 16448 16458 16461 16486 16522 16539 16551 16554 16584 16592 16599 16623 16625 16633 16662 16678 16687 16705 16708 16715 16800 16801 16802 16803 16809 16810 16814 16816 16916 16921 17489 17543 17545 17556 17616 17617 17655
shulanski 11973
shut 11531
sierracin 10930
signific 16264
silversid 14593
simpli 13144
singapore/mizushima 12162
sir 14678
site 11991
six 8915 8935 9334 9425 9532 9566 9633 10068 10174 10196 10271 10537 10554 10704 10753 10879 11147 11171 11184 11213 11240 11264 11281 11797 11887 12136 12180 12346 12664 13023 13541 13547 13622 14359 14634 14646 14873 14998 15130 15334 15765 15797 16055 16071 16244 16422 16480 16654 16718 16792 17035 17212
sizabl 10106
size 15739
skandinaviska 9935 15445 16124
slightli 11205 16052
slip 10011
slope 10080 10947 11731 17369
slow 11091 14385 17128 17622 17632
slower 12479 16503
small 10868 12142
smaller 8828 10193 11116 11173 11446 14132 17243
smithson 14843
soaf.o 16233
soar 12381 13140
societi 8867 9168 9320 9321 9338 9472 10286 11033 11142 11819 11855 16876 17518
soest 14925
softwar 8790 8840 8989 9235 9332 9395 9396 9528 9568 9870 10852 10970 11747 12126 12245 12582 12822 13707 14151 14536 15086 15627 15971 16387 16425 16465 16498 16529 16537 16561 16720 17026 17531 17590 17641
soil 12906
solubl 13190
somewhat 9253
son 10595
soon 9155 9465 14900
sound 11495 13902 15126
sourc 9469 14603
south-africa 16084
south-korea 12798
soybean 14663
spanish 16208
sparebanken 17485
spokan 16637
sporad 13399 14786
sportscen 14563
spring 11544 14432 17097
spring/dn 14491 15097
spx 16017
ssbb 15207
stabil 9054 9534 10658 11288 11417 13268 16004
stake 8854 9142 9161 10768 11285 11348 11377 11661 11738 11891 12730 12827 12837 14131 14201 14542 14893 15194 15404 15682 16307 16596 16667 16811 17491
staley 14550
star 15499
start-up 15801
state-run 9856 10698
staunch 17269
std 13518 13566 13605 13943 14064 14122 14494
ste-theres 11454
steakhous 9669
sterl 9115 9325
stg 9767 10443 10692 12096
still 8853 9290 9836 9957 10187 10407 11188 11541 11645 11888 12135 12194 12560 12948 13094 14538 14571 15425 15432 15483 15658 16474 16730 16961 17099 17123 17167 17391
stock 9310 9336 9636 9687 9730 9782 9899 10034 10335 10455 10822 10877 11161 11520 12071 12074 12241 12356 12490 12969 13034 13117 14042 14358 14374 14375 14437 14604 15461 16488 16643 16767 16832 16919 17000 17131
stood 15304
stoppag 8950
stress 12558
stringent 8796 10583 12941 15798 17572
su 10191
subsidiari 9597
subsystem 11050 15066
suffici 9873 11632
suggest 12038 12041
sumita 9131 9132 9137 9698 9699 10657
summer 8815 8882 9058 9100 9279 9307 9342 9637 9954 10209 10668 10701 10740 10785 11404 11532 11706 11914 12002 12209 12460 12594 12903 13036 13152 13752 14676 15530 15639 15686 15706 15781 15859 16220 16358 16423 16607 16649 16860 17173 17202 17307 17348 17351 17405 17432 17456 17591
supplementari 11176 11245 13306 14936 17240 17266 17375
suppli 8793
surg 12829
surplus 8800 8971 10239 10905 10976 11084 11592 12720 13123 13278 13564 17366
surrey 15364 15384
suspend 9340 9676 10354 11183 11659 13095 13184 13450 15465 15968 15983 17121
swb 16862
swedish 14974
sympathi 13727 13987 14250 14426 14503
symtron 16737
synergen 13106
synergi 10526 12606
syria 13454
system 9696 9843 9906 10864 10903 11418 12851 13240 13283 13589 16309
system-bas 8792
takeov 9357
tap 10405 10410 10933
tappan 11010
target 14747
tax 9744 10296 12516 14860 16825
taxi 12999
tea 17392
technic 12414
technolog 15837
tei 10840 10847 15512
tek 10243 10411
tel 8977 11230 15235
telecharg 13207
telecom 10288 14261
telephon 9043 9166 9222 9474 10159 10184 10497 10837 10842 11008 12347 12597 13295 13852 14111 14267 14328 15134 15754 16594 16605 16616 17112
telesi 16573
ten 10820 11385
tender 8998
tenn. 8940
term 9028
text 8845 12496 12809 13296 13301 13357 13359 13405 13456 13550 13555 13816 14134 14138 14218 14443 14659 14723 14765 14778 14822
textil 15069 17276
thereaft 11928
thermwood 15099
thicken 10206
think 9602
thoratec 13138
three 10033 16690
three-month 13288
time-lif 11099
tire-deriv 15716
tm 17530
toilet 10465
tokyo 10293 10650 10652
tokyo-bas 15491
tone 13303 13309 13334 13457 13464 13467
tonn 10489 12757 12814 15582 16433 17021
torino 10691
toronto 13887 14290 14610 14628 14644
total 8897
tough 16588
town 17517
trade 9171 11350 12462 14289 14886 15525 15726 16194
trader 15231
trainer 15954
trans-ocean 10214 10216
transact 14623
transamerican 12950
transamerican' 12977
trb 16629
treasur 12146
tremend 16562
trend 10440
trenton 13205
trifl 11769
trim 10716 13855 14051 14403 14461 14501 14589
trintoc 9077
triton 9454 10816 16429
troy 15420
trustco 9750 9775
trustcorp 16013
tse 10477 10655 10700 12157 16105 17226
tseng 9312
tsri 12904
tuesday 17003
tunisia 11315
turkey 12522 12877
turnov 9177 9739
two 9629 10265 10352 12925 13659 13797 16922 17233
two-day 12206
two-hous 13241
two-month-old 17027
txn 10024 11971
type= 12793
u. 8821
u.k. 8760 8777 9172 9217 9305 9349 9374 9448 9702 9756 9768 9880 9922 10005 10273 10356 10397 10416 10467 10590 10796 10906 11193 11200 11210 11263 11284 11309 11316 11798 11812 11864 11893 12006 12453 12494 12523 12785 12812 12840 12846 12995 13284 13552 13739 13825 14537 14879 14964 15017 15228 15415 15468 15510 15603 15636 15741 15748 16164 16188 16251 16285 16353 16978 17089 17333 17523
u.s.cent 13513
uap 15337
ucnh 13427
ucu 12574 12611
uhler 9431
uiie 12797 12834
uk 9359
unadjust 9812
unclear 15446
uncondit 13390 13391
underli 9771 9783 10482 10659 10769 11297 11474 12104 12433 12435 14038 14107 14273 14799 14872 16068 17050 17068 17231
undersecretari 11580
underwrit 10719 10763 11906
undisclos 15879
unemploy 9805 11191 12534
unequivoc 10733 10799
unexpectedli 13183 15929 16766
unilater 11761
univers 10089
unnamed-b 15871
unquot 14370
unsolict 15569
unwind 14699
upper 9720 13620 15799 16234 17244 17267
usa 12263 16624 17044
usda 11607 11609 11611 13894 13915 13972 14010 14052 14067 14119 14163 14188 14281 14344 14578 14627 14647 14692 14718 14721 15642 15869 15890
use 12170
ussr 8983
utiliy 14071
uvx 16729
v.a.g 11870
valu 16170
vc 15668
veba 9188 11987
vehicl 9125 10031 10194 10328 10680 10747 11379 11413 12023 12095 12109 12265 12359 12892 12922 12928 13083 13884 16031 16109 16412 16671 16760 16868 17104 17116 17570
via 8802 9094 9361 9878 9943 10448 10503 11425 13076 13994 14178 15049 15096 16331 16383 16993 17005 17210
vice-foreign 11174 12825
vigor 12047
viodo 16997
violat 9026 10395 11959 15331 16829
violenc 10456 17462
viru 12230
visibl 10757
vodka 15308
voe 16040
volum 14473
vs 8965 9263 9335 9558 9875 10609 10907 10926 11990 12915 13032 15709 15844
vsr 16673
vst 12674
w.b 15146
wale 10313 10687 14839 14957
walka 14309
wall 14695
warfar 9017
weaker 11789 15520 15641
webb 15633 16622
wed/thur 13381 13389 14787
wednesburi 16123
wednesday' 16053
week 8850 9482 9944 10107 10153 10154 10177 10178 10290 10374 10415 10530 10592 10857 11064 11469 11518 11536 11749 12308 12317 12712 12735 12792 13010 13143 13272 13362 13388 13392 13451 13556 13768 13844 13941 13965 14004 14157 14161 14164 14172 14301 14351 14367 14378 14408 14477 14504 14694 14717 15248 15856 15948 15977 15978 16179
weekli 10932 17028
weight 13298
welbilt 11598
well 9424
welltech 12031
wern 10499
wfsl 9240
wharf 14596
wheat 9773 11012 13978 14011 14014 14046 14078 14121 14159 14192 14241 14243 14269 14306 14347 14368 14392
whim 14865
wide 13139
widen 10376 13482
win 9987 12290 15173 15623
win-win 16513
windi 10388 16975
winnipeg 13967
within 10506 10819 10850 10984 17412
work 10279 11087 12836 13213 13282 15365 15744 15750 16192 16793 16895 17081
workforc 9751 9897 11158 11276
would 11613 11984 12591 13052 13320 13542 14034 15171 16399 17125 17549 17621
wrigley 13121
write-off 12134
writedown 11570 11702
writeoff 11453
wsam 8772
wstna 9883
wur 16873
www 14607
yasuhiro 10355 10642 10779 11167 15373 15795 16198 16856 16985 17216 17277
year 10745 12428 13172 17229 17303
year' 16751
year-end 11262 12529 12932 13319 15376 15529 15733 16611
year-on-year 9749 13007 13232 14910 16415
yel 14581
yen 9129 9198 10009 10315 10337 10370 10382 10466 10677 10690 10761 11203 11806 12513 12634 12756 12815 13308 13327 13338 13347 13350 13369 13372 13419 13524 13731 13733 14043 14149 14342 14773 14781 14789 14871 14884 14902 14903 15408 15450 15454 15456 16075 16138 16744 16859 17087 17195 17208 17382
yen/dollar 9134 9220
yet 12768
yeutter 11384
zealand 13330
zoet 10422 11225 12673 13259
zurich 13352 13955
