'' 19519 19520 19521 20979
's 18216 19354 19748
`` 17854
a/c 21473
aa 17850 18246 18800 19084 19085 19212 19324 19408
ab 18502 19696 21200
abil 18726
abingdon 19772
absb.o 19217 20545
abstain 18278 20045
abund 17934
acc 20927 21214
acceler 18742 20726 20742
accord 20078 20858 21163 21543
accu-weath 18397 18873 19721
acec.br 18883
acet.o 20431
aclv.o 19396
acq 17867 19281 19369
acquir 18644 19202
acquisit 19645 20193
ad 17919 18192 18450 18529 18544 19014 19072 19088 19431 20026 20089 21551 21553 21566
address 18001
adjust 18324
adopt 17892
advantag 20466
aerospac 21410
affair 17750 18046 18131 18186 18271 18330 18542 18565 18611 18984 19287 19456 19500 19544 19819 20311 20379 20436 20864 21367 21369
affili 19817 20488 20921
affirm 17845
aftertax 20393 20773 21244
ag 19098 19493
aggress 20544
ago 17828
agreement 20079
ahead 18107 18418
aib.to 18760
airbu 18802
alexandria 19506
ali 19505 19559 19588 19684 20333 21149 21563
alk 20638
alo 18539
altern 18371 18957 20323 21440
alto 20367
alum 17698 17702 20055
aluminium 18093 18505 19037 19329 20675
alvin 20541
ambassador 18150 18427 18835 19355 19432
amex 21121
among 17743 17803 18133 18465 18549 18624 19652 19682 19759 20366 20678 20727
amsy.o 20920
amvestor 18847
andf 20766
ane 17954
angel 19613
angola 20494
annual 19480
anti-tank 18916 19340
anticip 18218 19165 19499 19618
antivir 20892
apollo 21427
appli 18384 19643
applic 19253
appoint 18844
apprais 19611 21052
approv 17973 18808 19089 19153 19869 21115
approxim 18035
aquino 21402
arabia 17767
arbitrage-rel 17778
armco 19183
artefact 18387 18388
assumpt 17764
assur 21483
atlf.o 20579 20725
atmospher 20296
atrc.o 20448
attorney 19008 21071
audiovisu 18569 18570
august 19514 21129
auster 17914
author 20615 20643 20876
autodesk 18262
aveng 21216
ba 19889
bancorp 20701
bancshar 17822 21050
bass-l 19872
baxter 18793 19282 19747 19758 20139 20326
bbl 18311
becom 19463
begin 20444 20560 20603
belgium 21491
bell 18619 20703
bemi 20593
beta 19154
bhi 17669
bilizerian 17760
bill 18273
billion 17807 17885 17887 17916 18052 18190 18235 18270 18484 18492 18524 18538 18750 18771 18907 18972 18974 19045 19174 19254 19257 19328 19394 19568 19569 19853 19893 20063 20121 20127 20131 20161 20189 20197 20206 20213 20215 20223 20233 20235 20249 20266 20269 20334 20337 20365 20391 20463 20680 20708 20715 20791 20807 20954 21012 21044 21055 21113 21117 21176 21264 21330 21356 21373 21409 21414
billion-dlr 18975
bilzerian 17727
bkne.o 18809
blah 19987 20610 20762 21025
blew 19995
block 18393
blue 20056
bomb 17686
borden 20573
boston 18837 19771
bouught 20454
brazil 19458
broad-bas 18110
brown 18054 18065 20597
bucharest 18257
buell 18613
burnham 21049
busi 18968
busin 20231
buy 18363 19965 20175 20503 21282 21421
cabl 18478
cacex 20757
calmat 21375
canada 17661 18076 18092 18214 18294 18308 18655 18671 18673 18703 18889 18893 18953 19010 19011 19013 19079 19081 19182 19277 19632 19642 19850 20221 20251 20520 20574 20776 20796 20874 21021 21056 21124
canadair 17799
canola 19275
capit 18153 20033 20818
carcass 18277
cargo 19614
carney 19263 20829
carri 19346 20124 21516 21529
carryforward 18354
case-by-cas 18231
cbcf.o 20242
cdi 21013
ceas 18639
centrist 17893
ceram 17687
certain 20734
certif 18174 18424 18437 18518 18520 18787 19231 19529 19542 19838 19920 20025 20962 21078
cfne.o 21306
chain 18178 18385
chapter 18772 19592
chariot 20803
charlott 19857
charter 18128 18982 19294 20882
christiania 18007
ci 17857 17974
citibank 18836
claim 17843 18135 18616 18684 18687 18786 18820 18980 19272 20699 20770 21236 21309
cleaner 18145
clinton 18895
clot 21481
co 17675 17682 17691 17703 17709 17715 17723 17773 17797 17825 17832 17878 17977 17981 18015 18019 18062 18082 18088 18139 18172 18251 18253 18288 18291 18335 18346 18351 18364 18376 18381 18406 18410 18444 18451 18480 18561 18573 18583 18593 18605 18632 18640 18657 18659 18738 18739 18746 18795 18813 18842 18852 18855 18886 18913 18925 18926 18936 18950 18963 19095 19143 19146 19151 19175 19214 19249 19256 19426 19443 19454 19472 19571 19572 19577 19599 19659 19678 19801 19830 19876 19883 19922 19935 19936 20076 20129 20138 20170 20191 20192 20273 20309 20328 20354 20395 20412 20530 20555 20628 20702 20765 20806 20883 20895 20896 20936 20942 20953 20960 20977 21143 21237 21267 21301 21317 21338 21341 21345 21346 21348 21363 21378 21398 21437 21454 21560
co-manag 17663 19252 19698
coastal 18754
code 17976 18421 18650 18714 19596 19628 19789 20508
colombia 19807
colorado 19190 20709
columbian 18317
comfort 20571
comment 17681 17724 17817 17820 17904 18016 18100 18103 18126 18134 18154 18156 18244 18338 18404 18416 18577 18590 18752 18768 18775 19026 19116 19207 19290 19336 19364 19387 19444 19464 19541 19589 19685 19694 19717 19832 19960 19968 20069 20083 20087 20184 20509 20532 20631 20636 20811 20909 21104 21107 21116 21123 21138 21197 21277 21280 21335 21340 21510 21513 21521
commerc 18003 18299 18463 18846 18867 19539 19619 19813 19875 19881 19918 20116 20439 20787 20952 21570
committe 18799
commonwealth 18243 18309 18488 18564 18584 18720 19022
compil 19739 19895 19986 21400
componenet 18944
composit 19415 19433 20305
compromis 18044 18333 18597 18598 18791 18804 18878 19102 19115 21514
comput 17798 17851 18032 18113 18187 19032 19177 19258 19842 19943 20164 20587 21144
comshar 20804
concept 17891 19660
confirm 18176
congress 20761
consent 20216
consequ 20902
consider 18049 18357 18985 18991 18992 19946 20410 20467 21382
consolid 18952 18981 20558
constitu 18415 19027 19877 20955
consum 17707 17783 17805 17929 17963 19479 19681 20461 20911
contract 21170
control 17701 17706 17734 17735 17785 17835 17957 18080 18143 18293 18334 18374 18519 18918 18927 19036 19048 19144 19250 19269 19368 19428 19510 19720 19746 19756 19763 19774 19804 19847 19870 19914 19967 19970 19976 20352 20584 20693 20760 20886 20917 21000 21040 21079 21093 21169 21287 21307 21487 21498
convalesc 17740
conven 20142 20739 21118
convoy 20464 21459
cooper 20068 21323
copper 18225 18392 18394 18430 18691 19502 19786 20096
corn 20637
corpu 18452
correct 17708
cosmo 20297
could 19055
counter-retali 18399
countervail 20763
counti 17781 18025 18892 18896 19286 19702 19831 19892 20250 20872 21152 21168 21243 21461
coup 18531 19436 21565
coupon 17918 21072
court 18232
cpi 19513
crash 20934
creat 19894
credibl 19908
creek 21314
crumbl 20824
cts/bbl 18678 18680 18704 18705 18747 18789 18824
custom 18086
cut 18790 19899 20993 21001
cxrl.o 19890
cyanamid 21439
cyl 19962
cytogen 18629
d-day 20522
d. 17680 17763 18801 19235 19310 19919 20686 20839 20905
dain 19886
dale 19839 20609
daxr.o 19228 19233
deacon 20224
deal 18039 18735 18792 18960 19312 19981
dean 18312
debt-manag 19641
debut 18508
decemb 20681
decid 18069
deck 21541
declin 18058 18788 19082 20043 20210 20322
decreas 19058
deduct 19018
defens 17996
defer 18188 18396 18631 19093 21419
definit 19307
delic 19491
deliveri 18391 18954 20289
depart 17758 17821 18263 18347 18682 19206 19348 19979 20645 20961 21569
deps.o 19138
detail 18951
dex 20836
difficulti 20607 20616
dimens 19744
direct 21285
distanc 17752 18672
distil 20730
dive 21250
dividend 19603
division 19868
dlr 20107 20487 20692
dlrs/share 19631
dollar 18057 18105 19096
domain 19707
dotx.o 17659
doubl 20963
draw 18109
driller 18305
drop 18661 18662 19533 21098 21187
drunken 21536
due 18365 19136 19833 19837
dyecast 19692
earl 21094
earli 19397 20006 20570 20966 20996 21313 21476 21499 21502 21532
earn 18666 20514 21077
ebc 17982
econom 20411 20452
ed 19916
eddi 19675 21230
edison 18971 20345
edt 20342 20724
edward 18732
egypt 21370
el 17858 18903 19031 19124 19971 20723 21020 21174
elect 18059 18260 19566 19743 20109 20383 20565 21033
electrospac 19118
elia 17839
elig 18413 18578 19403 19672 20057
elmdv 20540
em 21027 21210
embassi 18924 19266
emck 21500
employ 20372
employe 17818 17827 17855 17872 17902 18140 18237 18245 18248 18325 18576 18592 18652 18665 18764 18868 18921 19007 19042 19070 19092 19109 19283 19452 19498 19503 19574 19782 19816 19917 19973 20190 20220 20238 20285 20301 20418 20477 20513 20536 20585 20644 20668 20683 20752 20781 20786 20877 21153 21155 21213 21558
end-march 18506
end-us 19497
endors 18442 19940 20828
england 18081 19407
enjoy 18316 19722
enlarg 19314 21534
enterpris 17688 17704 17995 18327 18491 18998 19100 19176 19345 19482 19657 19669 19723 19769 19937 20271 20300 20551 20569 21007 21043 21045
entri 17966
equiti 20160
erad 20620
eurobond 17917 17945 18474 18711 19244 19705 20146
evalu 17804 20071
even 20785 20923
everi 17747 18566
everyth 19398
evid 18010
exceed 17693 18734 19347 19381 20157 20356 20964
exchang 17800 17868 18915 19349 19780 19902 19951 20402 20460 20629 20887 21167
exchange' 21426
execut 17694 17705 17754 18183 18282 18420 18843 19006 19245 19247 19367 19591 19867 19950 20295 20447 20538 20677 20733 20780 21160 21251 21376 21381
exhibit 17690 19112
experienc 18132 19528 19582
explan 17877 18477 18562 20881
explod 17844
explor 19811
facsimil 18169
fadhil 19556
fcr 18647
fear 20890
featur 18555
fed 18078 18669 18670 19229 19689 19726 20130 20177 20343 21151 21161 21171 21172
feed 17739 17755 18482 18899 19549
ffom.o 18978
fhlbb 18208
fierc 17759
file 20758
finland 21524
fir 20219
firm 17666 17809 18261 18295 18545 18979 19122 19276 19296 19319 19389 19451 19706 19818 20559 20737 20749 20808 20830
firmer 20282
fiscal 19305 21132 21198
flapper 20614
flat 19998
flood 17757 20133
florida-bas 17847
follow 19993 20500
ford 18167
foreclos 19977
foreign 18902
foresaw 18448 19295 21076
fortun 18064 18102 19344
founder 18146
four 18679 19424 20981
franc 18011 18882 19545 19547 20265 21102 21207 21331 21468 21520
freefal 20857
freeport-mcmoran 19370
fresno 19852
friction 19546
fse 20100
fsys.o 19906
fulfil 17748 21128
fungibl 18453
galveston 18094
garn 18554
gather 19476
gatw.o 20931
gazett 20501
gdp 17896 18009 18987 18990 18993 18995 19005 19075
german 17870 17874 18095 18136 20038 20704 21326 21512 21556
ggg.to 19802
gholamreza 20090 20459
give 18439 19470 19761
global 20406 20469 20924
gndr.o 20310
go 18467
gold 17714 18045 18361 18409 18489 18749 19130 19808 20211 20790 21268 21293 21537
golden 20385
grade 18254 18367 18840 20420 20721 20919 21067
gradual 19931
great 18969 20110 20901
group 17683 19438 19447 19461 19939 20094 21061
gt 18470
guag 21578
gw 18084 18117 18125 18891 19001 19380 20982
gy 17689 18863
haggl 18761
hake 20511
half-year 18425
hallmark 18341
halt 20104 20486 20625
hard 18195
hardi 18563
harm 20878
hcp 20842
healthcar 18722 19453 20423
heater 18898
held 19401 20805
help 17849 17879 17888 17991 18026 18041 18340 18378 18380 18461 18504 18620 18731 18797 18887 19040 19049 19285 19484 19512 19516 19733 19735 19882 20001 20095 20232 20261 20335 20389 20748 20750 20865 20866 20928 21006 21158 21347 21561
higher 19469
hit.t 19567
hitselberg 21395
hoffmann-la 18196
homemad 21136
hong 18476 19992
hostil 20624
hotel 20537
hour 20047 20049 20204 20970
hous 20722
house-pass 19163
houston 18567 18654 18782 18986 19609 19664 19736 20236 20783 20869
hudson 18124
identifi 17806 17873 17915 17959 18075 18428 18663 19280 19411 19490 19741 19885 19907 19949 20005 21443 21547
illinoi 19196
impact 20427
impair 18956
inc 20568 20838 21252 21271
incom 19794
increas 18144
indebted 17678
index 19988 19990 19994 19997 20010 20024 20044 20059 20066 20074 20086 20162 20167 20408 20425 20430 20435 20688 20846 20847 20848 20849 20850 20851 20852 20856 20859 20992 21527 21528 21531 21552 21554 21559 21564
indonesia' 19041
inexperi 19848
institut 19021
intellig 19437
interest 18651 20907
intl 17856
ip 19299
iran 21494
irish 20390
item 19725
japan 18370 18532 19637 20020 21507 21549
japanes 17741
jean-luc 18709
jn.to 20361 20368
jurisdict 18695
kaufel 19427 21081
kfw 18356
kluw.a 19087
kollmorgen 20746
kram 19419
kyowa 19879
l.p. 19135 19330
labatt 19665
ladd 17673
landown 18149
laserplu 19166
last 17815 17819 18890 19791
later 17942 18033
layer 19622 19932
ldc 17846 17861 19888 20299 20705 20753 21388
ldgx.o 17736
ldn 21177
leaseway 18859
leco.o 19691
less 17674 17780 18104 18185 18525 19065 19356 19570 20608 20868 20899
lft 19650
libya 21058
liff 20108
lincoln 18636
liquid 20260 21511
list 19076
lit 19523
livestock 18373
lm 20473
load 17869 17955 17971 18284 18290 18523 19106
loan 18285 18315 18559 18560 18594 19131 19251 19434 20320
lordstown 18675
loss 17811 17840 17842 17848 17967 17975 18166 18319 18806 18832 18948 19267 19323 19365 19410 19440 19459 19466 19474 19730 19755 19938 20152 20381 20480 20507 20567 20600 20633 20655 20664 20731 20736 20793 20802 21106 21192 21196 21203 21208 21224 21226 21233 21295 21329 21406 21420 21442
low-end 19999
lower 17881 19222 19923 20336 21445 21496 21518 21544
lowest 20997 21008
lse 20054
lsi 21147
ltlp.o 18854
ltr 20553
madison 21202
majeur 18943
major 17789 18006 18077 18089 18184 18212 18493 18547 18607 18638 18674 18689 18970 19024 19033 19104 19188 19193 19255 19418 19525 19649 19770 19873 19909 19934 19948 19952 20023 20229 20268 20316 20325 20424 20623 20635 20756 20871 21023 21276 21429 21501 21522 21530
malpractic 19635
manni 18028
mar 19518
march 17998
mask.o 20188
matra 17949 20002
matur 18230 19119
maximum 19457
may 18533 19156 19616
mca' 20543
medic 19930
medicin 18037 19583
medium-rang 18000
mee 19629
mellon 20172
merchant 19353 19597 19605
metallurg 18849
metr 18228 19492 20093 21371 21523
mexican 17667 18323 19711
mexico 17658 20843
mfa 17935
mfc.to 18242
mickey 19268
microsystem 21438
mid-octob 19430
millipor 21396
mississippi 17665
mln 19601 19975
mnr 20253
money 17928 18142 19091 20048
money-fx 18012 20012 20862 21303 21339
month 20382 21321
mosier 19810
move 18362 18460 18513 18810 19378 19471 21130
mr 18161
mst 18226
mtch 19137
multilin 18358
multimarket 18122
multipl 18741
name 19279
nasdaq 19636 20506
nat'l 19337 20889
natur 18349
navi 18912
navicon 19640
nbcc.o 20974
nearli 20097 20098
netherland 19768
newly-cr 20505
ninety-six 18345
nlc 20117
non-opec 18085 19128 19509 20030
norsk 21546 21548
nortek 20604
note 19224 19261 19422
novemb 19155 20313 20524 20592 20697 20971 21328 21407
nurseri 19371
nyse 21154 21305
obtain 17931
oct. 20844
octob 21274
offer 18643 19352
offici 17733 17776 17875 17880 17886 18056 18099 18221 18329 18432 18485 18490 18690 18733 18745 18858 19110 19220 19241 19333 19358 19551 19624 19776 20099 20101 20441 20698 20809 20891 21080 21357 21475
oil 18692 18701 18706 18707 20944 21380
old 20472
one 18121 18965
one-tim 19581 19638
one-year 17720 18710 19069
open 18503 20035
oper 17685 17695 17697 17710 17711 17713 17744 17746 17774 17775 17779 17788 17791 17793 17795 17801 17810 17813 17814 17816 17859 17862 17884 17900 17901 17951 17958 17960 17964 17965 17968 17983 17984 17993 18017 18031 18072 18073 18112 18115 18127 18157 18170 18175 18179 18189 18194 18199 18200 18204 18220 18240 18252 18258 18264 18267 18275 18337 18339 18342 18350 18353 18389 18402 18426 18495 18501 18527 18575 18656 18658 18685 18702 18713 18719 18721 18759 18762 18769 18779 18783 18784 18819 18826 18828 18861 18872 18879 18884 18894 18906 18920 18928 18930 18932 18934 18935 18938 18939 18940 18967 18983 19009 19030 19043 19053 19056 19060 19073 19127 19133 19141 19159 19173 19199 19208 19227 19271 19298 19325 19357 19362 19375 19385 19391 19393 19404 19420 19446 19450 19468 19481 19488 19489 19507 19515 19517 19562 19584 19598 19608 19610 19615 19620 19623 19627 19644 19656 19663 19687 19701 19729 19742 19764 19783 19787 19815 19824 19826 19829 19834 19836 19851 19854 19855 19861 19863 19874 19878 19896 19905 19929 19942 19955 19980 20051 20053 20092 20103 20134 20168 20174 20176 20199 20237 20283 20291 20292 20308 20324 20327 20346 20355 20363 20369 20384 20392 20419 20449 20456 20465 20476 20478 20481 20485 20497 20504 20517 20523 20525 20529 20539 20542 20546 20549 20562 20572 20581 20582 20586 20595 20613 20634 20639 20660 20667 20674 20685 20691 20694 20706 20710 20729 20732 20751 20794 20822 20823 20831 20833 20853 20854 20888 20903 20906 20912 20915 20916 20938 20946 20947 20950 20976 20978 20985 20999 21005 21009 21024 21028 21030 21034 21051 21053 21074 21082 21103 21131 21141 21142 21156 21162 21164 21180 21188 21193 21215 21238 21239 21241 21242 21248 21260 21269 21275 21284 21288 21300 21312 21318 21327 21332 21337 21354 21359 21379 21397 21401 21412 21417 21447 21448 21458 21460 21490 21506 21542 21545 21555 21571 21573
opposit 18328 18614 19019
orient 21567
origin 17731 17897 17986 18008 18129 18222 18375 18433 18498 18543 18551 18751 18777 18827 19071 19195 19291 19363 19388 19504 19555 19564 19576 19590 19673 19697 19963 20258 20475 20738 20741 20744 21469 21557
osc 19871
outlook 18947 18958 19068 20158 21223 21342
over-subscript 19090
over-the-weekend 19201
overrid 18268 18279
oversubscrib 17796 18635 19086 19149 21393
owl 20552
own 17672 17728 17738 17766 17770 17777 17782 18029 18101 18201 18368 18372 18398 18660 18698 18730 18794 18811 18910 18976 19203 19331 19341 19342 19578 19719 19880 19961 19983 20034 20037 20105 20228 20775 20855 20956 21133 21291 21333 21538
pact 20941
painewebb 19189 21220
pakistan 17662 18436 21574
partial 18457 18823 19332 20073
partner 21296
partnership 19382
patrol 18914
paul 18229
payout 17717 18067 18165 18233 18617 18618 18622 18623 18641 18694 18740 18755 18756 18757 18818 18845 18848 18874 19125 19129 19179 19400 19467 19792 19793 19910 19925 20360 20578 20590 20700 20716 20799 21084 21085 21086 21361
pbt 19209
period 18274 18496 19306 19788 21225
petroleo 19927
petroleum 20031
phelan 20933
platinum 18013
play 18160
pleas 18159 20437 20769
plu 20016
plummet 20492
pmr 19585
poehl 20036
point 18193 19302 20200 20980 20986 21111 21351 21366 21384 21444 21533
polychrom 19945
poor 19066 20178
pork 19580
postpon 20679
pound 18386 18839 19658 21134 21235 21539
ppg 18137
pr 19522
prd 20937
pre-tax 18514 19670 21503
prefer 19924
preliminari 20880
premium 17907 17921 18021 18301 18677 19184 19185 19781 20398
prevent 18401 19234 20649 21031 21535
previuosli 21404
price 20041
primarili 18211 21270
prime 19020 19487 20143 20145 20153 20163 20165 20275
primerica 18766
privat 20362
process 18070
product 17824 17997 19671 19795 19901 20198
profoundli 18359 20039 20922
program 17768 18281 18297 18834 20202 20241 20840 21046
programm 18776
prohibit 17864 20745
prompt 20612
properti 20884
prospect 17830 17865 17913 18441 18447 18758 19167 19169 19317 19373 19496 19728 20115 20474 21408 21577
protect 18999
protocol 21568
pse 21505
psi 18083
psycolog 20088
pti 19527
pull 20580
purchas 17699 17853 18014 18040 18063 18141 18238 18255 18256 18276 18310 18336 18405 18431 18630 18633 18676 18817 18880 18931 19152 19181 19213 19221 19260 19360 19386 19413 19423 19455 19612 19646 19654 19677 19690 19699 19703 19731 19737 19858 19956 19959 20264 20344 20432 20451 20457 20495 20602 20627 20661 20665 20666 20689 20717 20797 20815 20820 20827 20841 20945 20965 21059 21070 21073 21358 21394
qtli 20331 20789
qtr 17660 17712 17808 18048 18120 18266 18355 18606 18610 18708 18830 18955 18997 19142 19178 19304 19399 19442 19449 19639 19647 19667 19841 19862 20119 20135 20136 20148 20151 20166 20180 20187 20207 20214 20217 20222 20226 20234 20255 20256 20279 20286 20304 20339 20340 20349 20358 20370 20371 20378 20386 20401 20407 20415 20417 20440 20443 20446 20450 20453 20468 20479 20502 20531 20535 20557 20598 20601 20606 20617 20650 20651 20652 20657 20670 20671 20673 20798 20814 20826 20837 20879 20885 20900 20910 20918 20930 20932 20943 20968 20972 20973 21016 21017 21022 21047 21057 21064 21092 21095 21100 21109 21165 21166 21173 21175 21179 21190 21205 21218 21222 21232 21234 21254 21256 21259 21263 21266 21281 21283 21302 21315 21322 21325 21360 21362 21372 21386 21403 21405 21416 21430 21435 21436 21441 21453 21455 21456 21480
qualifi 19462
qualiti 19390
quick-fix 21157
radio 17718
ralli 20182
ralston' 17790
ran 20058
rand 18487 21576
rang 17664 17784 18079 18162 18205 18223 18466 18716 19054 19320 19326 20230 20307 20845
rapitech 19366
rate 20032
rban.o 18259
rbank.o 17961 17969
rdkn.o 20547
reactor 20060
readi 20141
real 19004 20719 21042 21278
recess 18005 18250 18280 18344 18369 19392 19538 19543 19797 20028 20259 20409 20772 20860 20863 20867 21186 21422
recipi 18030 18348 19164 19738 19754
record 19985 21204
reduc 18494 19215
reduct 19204 19724
refco 20599
refineri 17841 18234 18885 18888 18945 19903
refund 18018 18206 18556 19016 19715 19753 20949
reg 18725
regret 18090 18097
reincorpor 19140
remark 19991
reopen 20428
repair 19097 19594
replac 18241 18390
report 18994
represent 18331 19485
republican 19003
repurchas 20312 21185
respond 18417 18440 18585 18717 19023 19300 19602 19750 19799 19800 20077 20294 20433 20898 20994 21517
resum 17829 18411 18414
retire 21004
reuter 17668 17676 17700 17721 17726 17745 17756 17765 17786 17833 17866 17924 17926 17930 17950 17952 17978 17979 17987 18034 18051 18066 18071 18108 18111 18123 18148 18152 18182 18202 18239 18247 18265 18269 18313 18343 18352 18366 18382 18419 18435 18458 18468 18469 18472 18473 18479 18483 18500 18509 18512 18521 18522 18528 18552 18553 18568 18572 18587 18595 18628 18634 18637 18688 18700 18781 18821 18833 18851 18864 18865 18866 18869 18875 18923 18988 19029 19044 19050 19051 19062 19105 19107 19117 19126 19148 19180 19191 19218 19226 19242 19335 19343 19372 19383 19412 19429 19435 19448 19465 19483 19494 19534 19540 19553 19554 19557 19561 19563 19575 19604 19653 19688 19713 19749 19751 19775 19809 19814 19825 19828 19840 19849 19859 19866 19891 19897 19941 19953 19954 19996 20027 20050 20052 20128 20247 20276 20298 20319 20341 20351 20375 20510 20515 20533 20594 20605 20621 20663 20669 20713 20764 20767 20774 20777 20778 20812 20873 20913 20987 20998 21002 21054 21090 21097 21119 21135 21140 21146 21178 21184 21304 21308 21324 21391 21497 21526
revlon 18989
revoc 21452
ridg 19139
right 17679 17852 17956 18217 18321 18696 19099 19111 19198 19550 19593 19796 20091 20114 20321 21035 21228 21290 21434
riot 19025
rise 18106
roaster 18604 19318
rob 20989
roebuck 18298 19734 20150 20225 21399
roh 19495
rohm 21389
room 20759
roto.o 21029 21189
routin 17943 20080
royalti 19205 19460
rpt 18599
rta 20588
rte 19823 19864 21112
rumour 20072 20084
rye 19668
ryle 18098
s.d 18207
s/p 19187
saab-scania 20245
said 17826 17989 18020 18022 18038 18055 18114 18116 18181 18203 18289 18853 19210 19240 19327 19406 19587 19634 19686 19856 20306 20397 20413 20429 20483 20512 20519 20534 20563 20619 20622 20647 20718 20754 21048 21063 21108 21183 21377 21478
saj 21114
sak 18318
salomon 18151 18558 18574 18581 18588 18686 18767 18815 18877 18942 19236 19239 19264 19265 19301 19718 20288 21159 21353 21355 21364 21365
salon 19633
san 17719
sanchez 20662 21065
saturday 21492
sbcf.o 20654
scale-up 18966
scandinavia 20925
schedul 18036 19225 19297 20611 20618 20656 21294
schlesing 17882
schroder 18004 19552
secretary-gener 19662
sector 17876 17905 17920 17923 17940 17970 17999 18407 18434 18443 18449 18454 18455 18456 18464 18507 18510 18515 18530 18541 18609 18625 18642 18667 18681 18729 18744 18770 18796 18862 18911 18949 18961 18996 19000 19015 19028 19038 19039 19046 19047 19063 19157 19160 19200 19211 19246 19274 19278 19321 19405 19478 19508 19530 19536 19676 19740 19762 19798 19835 19845 19926 19947 19982 20004 20008 20013 20186 20212 20270 20272 20462 20526 20576 20935 21101 21120 21249 21261 21273 21368 21423 21525 21575
sell 17762 17792 17794 18053 18272 18856 19537 19911 19913 19921 20687 20755 20914
semi-annu 19303
seneca 18147
set 17787 17898 17899 17909 17941 17994 18023 18027 18043 18215 18219 18296 18400 18429 18446 18608 18626 18649 18723 18805 18825 18850 18860 18871 18897 18904 18909 18933 18937 18962 19052 19057 19059 19150 19161 19186 19192 19216 19237 19248 19273 19309 19311 19313 19322 19338 19339 19535 19560 19661 19693 19708 19732 19972 20040 20113 20482 20550 20554 20577 20816 20832 20929 21062 21247 21258 21292 21428 21482 21493 21509
settl 18785
seven 17692 17725 17749 17908 17937 17944 17988 18091 18197 18227 18326 18601 18612 18646 18693 18807 18838 19080 19548 19606 19621 19674 19680 19695 19700 19727 19767 19778 19785 19812 19915 19989 20007 20102 20126 20137 20348 20374 20380 20404 20484 20527 20646 20684 20712 20795 20819 20975 21026 21038 21122 21221 21504 21519
sew 19773
sfcp.o 19132
share 17836 18379 19334 19928 20434 20445 20626 20707 21041 21083 21229
sharehold 17860 17922 19103 19288 19579 19626 19766 20834 21467
shed 20019
shield 18941 21039
shop 17962 18683 18778 19683 19760 19784 19904 21066 21297
short 19417 19421
shot 20632
show 17906 18050 18302 18306 18511 18748 18753 19017 19034 19077 19232 19259 19944 19974 20714 21096 21572
shr 17751 17753 17802 17834 18047 18068 18155 18158 18180 18249 18283 18303 18320 18322 18602 18627 18645 18648 18699 18816 18829 18870 19168 19170 19171 19308 19475 19573 19648 19655 19704 19710 19745 19803 19843 19865 19887 19978 20112 20120 20122 20132 20140 20144 20147 20154 20155 20156 20169 20171 20173 20181 20183 20185 20195 20201 20203 20205 20218 20227 20240 20244 20246 20252 20254 20257 20277 20278 20280 20284 20302 20314 20315 20317 20329 20330 20338 20350 20353 20357 20359 20364 20373 20376 20387 20388 20399 20400 20414 20421 20438 20442 20455 20470 20471 20490 20498 20499 20528 20548 20561 20564 20566 20583 20591 20630 20640 20648 20672 20676 20695 20696 20728 20747 20768 20771 20779 20784 20800 20813 20817 20825 20904 20926 20951 20957 20969 20983 20988 21014 21032 21036 21037 21068 21105 21125 21127 21139 21148 21181 21182 21191 21194 21195 21199 21206 21211 21227 21231 21240 21255 21262 21272 21298 21310 21311 21316 21334 21344 21349 21350 21352 21383 21385 21390 21418 21424 21425 21431 21446 21450 21451 21457 21463 21464 21470 21471 21474 21479 21489 21495
sign 18876 19860
sith 19359
six 17883 17903 18096 18307 18408 18481 18499 18548 18621 18803 19067 19374 19712 19957 19958 20274 20422 20489 20596 21286
slightli 20243
slope 17771
slow 18130 18727 19061 20743 21392
smaller 19108
smithson 20861
sochaux 18603
societi 17671 17938 18901 19078 19777 21212
softwar 17677 17729 17737 18591 18841 19035 19402 19757 19827 19933 19969 20426 20658 20792 20875 21010 21110 21253 21257 21279 21488
softwood 17670
somb.o 20801
somewhat 18462
son 18589
sound 20939
sourc 20290 20293 21484 21485
southland 18728
soybean 19630
spain 18908
sparebanken 20394
sssl.o 20894
stabil 17742 18668 20081 20347 20377 20948 20958
stagnat 18423
stake 17911 18138 18300 19074 19113 19270 19441 19666 19679 20396 20740 21411
starft 18191
steel 20318 20735
stepan 20118
stich 20287
still 18168 18557 19134 20208 21477
stock 17812 17980 18210 18596 18973 19351 20003 20123 20149 20262 20720 20959 21060
street 18812
strengthen 17772
stringent 18163
subsystem 19379 21217 21472
suggest 19147
suharto 18459
sullivan 19477
sumita 17939 20009 20011
summer 17823 17894 18060 18177 18213 18292 18403 18737 18780 18917 19083 19425 19964 20870 21018 21486 21508
superfund 21137
supplementari 17895 17947
suppli 20984
surg 20111
surplus 17890 19377 19617
survey 19316
suspend 18332 18798 19414 19486 20014 20682 20835 21540
svu 20821
swedish 20017
sweet 18743 18765 18773
system 17684 18697 19716 19790 19820 20021 20159 20263 21075
t.e.a.m. 19409
take 20491
takeov 18959 21003
tandi 21413 21432
tap 17730
tax 18497 18516 18718
taylor 19445
technolog 18118 20690
tecsyn 19900 19912
tekelec 20659
telecom 18579
telephon 18173 18314 18831 18900 18922 19120 19709 20332 20788 21246 21466 21550
telesi 20194 20209
ten 17761 19114
term 18002 18814
texa 18471
text 19524 19586
tgv 19531
therase 19162
thicken 20990
think 19289
three-day 21289
three-month 19526
time-to-tim 20967
tlht.o 17716
tlr 18164
tokyo 20000 20015
tomlin 19532
trade 18438 18571 19101 19223 19262
trainer 20521
transact 21015
transamerican 19350
trction 21462
tremend 19292
trend 18736
trim 19565
triton 18881 18929 21319
turmoil 20940
two 21374
two-day 19600
txl 21387
txn 18171 19172 19884
u.k. 17927 18074 18395 18536 18537 18774 19121 19243 19293 20042 20062 20067 20075 20496 20893 20995 21019 21099 21201
u.s.- 20991
umar.l 19984
unabl 17992 21449
underli 17932 17933 18534 18540 20248 20403 20405 20458 20516 20642 20908 21089
undersecretari 17925
understandli 19806
undser 17732
unfound 20065 20070
univers 19197 19651 21069 21265
up 18287 18822
upper 17910 17946
urg 21320
usa 18304 18664 18919 18964 18977 19002 19094 19194 19376 19439 20106 20416 21011
usda 17769 18377 20239
use 20281 21245
user 18712
usf 21219
uspts.o 20493
va 19230
vee 20556 20575
vehicl 17831 17838 18475 18517 18526 18546 18550 19384 19765 19846 20022 20085 20125 21126
via 18209 18236 18286 18580 18582 18586 18724 18763 19315 19779 20589 21343
vic 20641
videodisc 18715
violat 17863
violenc 19898
viral 21299
voravetvuthikun 20046
vwrx.o 21088
wage 18535
wale 17696
wall 19966 20179
wanb 21415
weaker 21145
webb 17972 20810
wedtech 17985
weedon 20782 20897
week 17837 17912 17948 17990 18024 18198 18224 18383 18653 18946 19145 19158 19238 19284 19416 19473 19607 19822 20196 20267 20711 21150 21433
weight 19123
weinberg 21465
well 18600 19558
whale 20653
wharf 18119
wheat 17722 19821 21091
wheelabr 19714
widen 18061 21562
wilson 19012
winthrop 19361
within 19844
withstand 18042
wod 18615
wood 19595
work 19805
workforc 21336
would 20082 20303
wrightson 19501
write-off 19219 21209
yasuhiro 17953 20061
year 20018
year' 19752
year-end 18857 18905 19395
year-on-year 19625
yen 17871 17889 17936 18360 18422 18445 19064 19511 20064
yoweri 18087
zealand 18486
zf 20518
zinc 18412
zoet 20029 21515
zurn 21087
