'' 18615
'S 19354 19748
0.3 21132
0.6900 18360
0.8 17188 20062
0.9 17091 18463
1,033,000 20135 21360
1,041,697 21295
1,066.60 17675
1,138,000 20658
1,255,000 17967
1,290,000 17535
1,293,000 21173
1,336,000 20438
1,594,009 17712
1,629,719 21209
1,695,000 21022
1,729,000 21244
1,757,000 17545
1,767,000 20605
1,815,000 21283
1,886,400 21206
1,891,250 19790
1,900 17424 19512
1,924,255 21191
1.0 19616
1.01 21139
1.1 17229 17303 17709 18509
1.16 21470
1.2 19936
1.21-dlr-an-hour 17632
1.38 19590
1.4 17161 18016 18089 18133 18355 18366 18594 18967 19104 19270 19953 20515 20755 20773 20954
1.5 16992 18180 18365 18790 19215 19737 19765 19771 19837 19916 20263 21018 21060 21143
1.6 17756 18458 20604
1.8008/13 21573
10 18304 18919 18978 20175 20194 20577 20970 20971 21001 21457
10.29 20518
10.74p 17922
100-1/2 17536
100-1/4 21529
102.1 19220
102.8 20344 21346
102.9 21352
11 19889 20280
11.7 18579
112.1 17400
112.7 20228
1129 20342
113.6 20453
12 21170
12,000 17512 17658
12,482,780 20988
12-15 18666
12.50 20734
12.74 20546
123,002 19421
127.3 20187
128.8 18732
13 20331 21062
13,459,000 20401
13-3/8 19076
13-week 17537 19624
1300 20100
1315 20428
135.6 20442
137,000 17990
138.2 19174
138.4 21455
14,077,000 21225
14.3 21229
14.9 20512 21569
146.4 20304
150 17049 17523 17907 17918 18033 18093 18227 18255 18310 18600 18886 18936 20107 20128 20472 20610
151 18347
154.0 20378
155 20354
155.0 20170 20412
155.2 20225
155.7 21430
16,333 21091
17. 18765
1700 20724
174.6 20767 20812
174.7 16940
179.5 20973
18.6 20450
183,224 20085
19.4 19887 19928 20112 21436 21456
19.5 19619
19.6 17773
19.7 20247 20400
195 21301 21454
1967 17457
198.1 20735
1987 20519 21548
1987-88 17759 19867
1989 19014
1989-90 21054
199.5 18224 20784
1st 17808
2,062,000 20502
2,211,000 21255
2,258,206 20493
2,300 17321
2,359,000 18616
2,873,000 20802
2,889,010 20251
2,988,000 21252
2.078 18052
2.255 19559 19560
2.31 20041
2.42 20730
2.84 18287 20340 21103
2.85 18311 21117 21330
2.95 18533
20 20211
200 21366
201.0 21441
210 20199
212 21123
215 20151
216 19390 20706
217 17460 19930 20226
22,738.45 20850
229.6 21308
24 18266 18626 18645 19795 19972 20242 21420
25 18083 19603 19843 20192 20487 20553
25,929.42 19490
25.2p 18497
26,619,000 21055
274,000 19131
275 19948
276.6 20600
277.2 19761
280,000 17090 18389 19527 19844 20298
284,000 16980
284.8 19198
289,000 19230
2901 19518
291p 18511
3,000 18173 18221 18391 18839 19032
3,035,000 20654
3,300,000 19704 20385 21222
3,398,000 20885
3,465,085 19099
3,496,000 21227
3,900,000 20113
3.18 21562
3.19 19254
3.50 18561 18593 21264
3.55 19326 20896
3.70 17396 17427 20038
3.70-3.80 21511
3.72 21388
3.73 18470 18563
3.75 18994
3.77 18973
30 17228 18096 18977 19185 19369 19438 19475 20189
30.8 20558
301.5 21351
308.2 20798
308.4 20119
31,800 17238
310,000 18307 18814
32 18743
32-1/2 20789
328,221 17815
33.4 16944 21386
33.6 20286
339.6 18065
34.4 19642
35.2 19586
35.8 18985 19242 19267
35.9 17540 20920
38 20417
38.75 19184
39 20483 20617 20929 20951
397,000 18997
4,029,000 20771 20838
4,160,000 19474
4,499 17482
4,600,000 21137
4,800,000 18249
4.4 20106
405.0 21272
405.5 19493
42,874,000 21113
420,000 19304
437,500 17633
44,174 17672
45 17101 17655 17822 18068 18438 18679 18776 19065 19407 19470 20132 20364 20406 20517 20928 20983
45,300 20026
455.00 18045
46,332 17828
46.4 20633
479.50 21537
48,772 17492
48,878,000 17556
49.86 18274
49.87 17212
49/28 18739
5,000 17982 19661 21524
5,034,000 18816
5,304,000 20274
5,500,000 18703 18857
5,602 18830
5,635,000 21266
5,642,000 21322
5.0 20097 20098
5.1 20116
5.42 21146
50 17689 18754
524,000 20471
53.2 18435
530,000 19110
534,750 21017
54-3/8 18788
541 20349
55.4 21193
55.6 18411 18414 19431 21254 21302
56 20339 20470
56.8 20370 20535 20800
56.9 20223
566,535 21192
57.4 21325
590 20204
6,026,343 20968
6,549,197 18155
6.09 21530
6.41 17010
6.45 19510
6.5p 17901
6.62 19698
60-kilo 18323
600 18494
627.4 16969
632.0 20446
65,000 21541
66.2 20337 20376
66.3 20473
7,500,000 20818
7.15 21491
7.17 17327
7.30 20598
7.32 21414
7.4 21333
7.58 19786
713,000 17616
739,540 20507
8,109,000 21237
8,900,000 21195
8-1/8 17611
8.50 17730 18572 19956
8.6 19051 20797
80.6 20422
800-number 20323
80286-base 17336
811,000 20972
845,000 20601
848.3 17965
87,987,000 21453
875 16939 20999
887 18785
888,000,000 20138
9,900,000 21374
9.35 19349
9/16 20159
90.8 17878 18367
90.9 21393 21421
900,000 18149 18610 20690
94,715 17819
952 19294
968,000 19655
976.6 20166
995.2 19571
A 16952 16967 17038 17286 17316 17487 17501 17635 17638 18035 18043 18053 18223 18300 18332 18508 18599 18661 18662 18692 18701 18706 18707 18806 18959 19218 19252 19302 19451 19573 19733 20076 20457 20484 20712 20766 20902 20921 20960 21003 21121 21145 21154 21216 21274 21380 21427 21494
AT 21336
At 17433
BA 17506 19256 19901
BE 17003 17028 17337 17549 17634 17723 17778 18064 18422 18502 18644 18947 18957 18958 19156 19261 19333 20831 20860 21115 21547
CO 20148
De 17097 17195 17386 17389 17629 19096 19869
EM 17513
G7 20290 20293
GS 18979
It 21481
L. 19361
Le 19531
Md 19868
No 17098 17615 19692
O. 17297 20869
ON 17602 17742 17845 18070 18741 18943 19187 20260 20506 20625 20722 20933 21063
TO 16993 17121 17175 17313 17421 17772 17777 18079 18273 18277 18321 18368 18466 18632 18643 18882 18926 19108 19181 19193 19258 19297 19319 19341 19558 19561 19638 19727 19951 20451 20495 20619 20627 20692 20758 20841 21083 21140
`` 18346
a/c 21473
aaa 19922
abil 18726
abingdon 19772
absb.o 19217 20545
abstain 18278 20045
abund 17934
acceler 16954 17052 18742 20726
accept 17583
accord 20078 20858 21151 21163 21543
accu-weath 18397 18873 19721
acec.br 18883
acq 18476
acquir 19202
acquisit 19645 20193
ad 17067 17448 17473 17600 17919 18192 18450 18529 18544 18657 19072 19088 20089 21551 21553 21566
adjust 20217
adminstr 17126
advantag 20466
affair 17296 17370 17444 17647 17750 18046 18131 18186 18271 18330 18542 18565 18611 18984 19287 19456 19500 19544 19819 20311 20379 20436 20864 21367 21369
affili 19817
afg 20998
aftertax 20393
agreement 18989
ahe 17008
ahead 18418
aib.to 18760
air 18288
airbu 18802
ald 16996 21260
alexandria 19506
ali 19505 19588 19684 20333 21149 21563
alk 20638
almost 17275
aln 17504
alo 18539
altern 19122 21440
alum 17698 17702
aluminium 18505 19329 20675
alvin 20541
ambassador 17280 17394 18150 18427 18835 19355
america 17227 17288
among 16981 16989 17511 17743 17803 17837 18465 18549 18624 19652 19682 19759 20366 20678 20727
amvestor 18847
analyst 17966
ane 17954
angel 18019 19613
angola 20494
ani 19426
annual 17623 19681 19705
anti-tank 18916 19340
antibodi 18118
anticip 17036 17324 17350 18108 18199 18218 18324 19165 19618
antivir 20892
anzola 17287
appli 18384 19643
applianc 18842 18963
apprais 19611 21052
approv 17435 17973 18808 19089 19153
approxim 17738 20503
april 19985
aquino 21402
arkansa 20284
armco 19183
armr.o 20488
art 21306
artefact 18387 18388
asphalt 18376
associ 17621 21539
assumpt 17764
assur 17184 21483
atlf.o 20579 20725
atmospher 20296
attorney 19008 21071
audiovisu 18569 18570
august 18649
auster 17914
author 20615 20643
autodesk 18262
ave 20055
badli 18849
balladur 18552
bancorp 20701
bancshar 20416 21050
bankruptci 17422 18687
bass-l 19872
baxter 18793 19282 19747 19758 20139 20326 20686
beaten 18553
becaus 17931 18863 19033 19722 20437
becher 17323
began 19055
begin 20444
belo 20904
belong 17950 18247
benefit 20320
benh.o 21350
bhi 17669
bilizerian 17760
bill 17408 17437
billion 17439 17459 17807 17885 18190 18235 18270 18484 18492 18524 18538 18750 18771 18907 18972 18974 19257 19328 19394 19568 19569 19853 19893 20063 20121 20127 20131 20197 20243 21409
billion-dlr 18975
bilzerian 17727
blew 19995
blue 20056
bomb 16958 16984 17309 17686
borden 17534 20573
boston 18812 18837
bottom 17871
bouught 20454
brazil 19458
breakeven 17189
breed 19074
bring 16991 17102 18318 18491
broad-bas 18110
brown 18054 20597
bucharest 18257
buell 18613
burden 18462
burma 17257
busin 20231
busine 20839
businessmen 21449
buy 18056 18363 18690 19358 19595 19965 21282
buyer 21567
buyout 19352
cabl 18478
cacex 20757
calmark 21278
calmat 21375
calstar 18718
canada 18076 18214 18655 18671 18673 18889 18893 19010 19011 19013 19079 19182 20520 20574 21021 21056 21124
capit 20033
capitol 19094 19146
cargil 17007
carney 17744 19263
carri 18251 19346 20124 21516
case-by-cas 18231
cash 17825
casino 20537
caus 20857
celebr 17474
centrist 17893
ceram 17687
certif 16955 17260 17377 17850 18174 18424 18437 18518 18520 18787 18800 19084 19085 19212 19231 19529 19542 19838 19920 20025 20962
cfi 21296
chain 17884 18178 18385
chapter 18772 19592
chariot 20803
charlott 19857
charter 17834 18128 18982
cheyn 17235
christiania 18007
ci 17857 17974
citibank 18836
claim 17346 17500 17643 17843 18135 18786 18820 18980 19272 20699 20770 21309
cleaner 18145
clinton 18895
cn 18950
co 18216 18605
code 17124 18421 18650 18714 19596 19628 20508
color 20977
colorado 17006 17653 19190 20709
columbian 18317 21327
comfort 18051 19107 20571
comment 16979 17146 17165 17168 17179 17259 17295 17299 17320 17357 17360 17376 17415 17425 17479 17522 17533 17575 17593 17648 17681 17817 17820 18100 18103 18154 18156 18204 18252 18267 18338 18416 18543 18577 18590 18768 18775 19207 19290 19336 19364 19464 19589 19685 19694 19717 19955 19960 20069 20083 20087 20184 20509 20532 20636 20909 21104 21107 21116 21138 21197 21280 21477 21510 21513 21521 21542 21557
commerc 16970 16995 17060 17084 17099 17129 17139 17245 17274 17335 17391 17527 17708 18846 18867 19539 19813 19881 19918 20439 20787 20952 21570
committe 18908
commonwealth 18243 18309 18488 18564 18584 18720 19022
commun 20563
comp-u-card 17989
compil 19739 19895 19986 21400
complet 19856
componenet 18944
composit 17476 19415 19433 20021 20305
compromis 17043 17618 18044 18333 18598 18804 19102 19115 21514
comput 17493 17597 17798 17851 18032 18113 18187 19177 19840 19842 19943 20164 20165 20367 20561 20785 21144
comshar 20804
concept 17246 17438 17891 19660
concert 17065 17069 17078
confirm 19432
congress 20761
consent 20216
consid 21410
consider 17519 18049 18313 18357 18991 18992 19496 19507 19641 19946 20410 20467 20925 21382 21469
consolid 18981
constitu 18415 19877 20955
consum 17085 17236 17239 17298 17431 17442 17707 17783 17805 17929 17963 18444 19472 19479 20461 20911
control 17009 17063 17076 17115 17150 17178 17182 17546 17576 17610 17640 17706 17734 17735 17785 17835 18080 18143 18293 18334 18374 18519 18918 18927 19036 19048 19250 19269 19368 19720 19746 19756 19763 19774 19804 19847 19870 19914 19967 19970 19976 20352 20584 20693 20760 20886 20905 20917 21000 21040 21079 21093 21307 21408 21487 21498
convalesc 17740
conven 20142 20739 21118
convoy 20464 21459
cooper 20068 21323
copper 17118 18225 18392 18394 18430 18631 18691 18952 19502 20096
corpu 18452
cosmo 20297
counter-retali 18399
countervail 20763
counti 17080 17183 17332 17601 17781 18025 18275 18892 18896 19043 19286 19702 19831 19892 20250 20549 20872 21152 21168 21243
coup 18531 19436 21565
coupon 18451 21072
court 18232
cpi 19513
crash 20934
crcy.o 21210
creat 19894
credibl 19908
creek 21314
crumbl 20824
cts/bbl 18678 18680 18704 18705 18747 18789 18824
custom 18086
cut 19899
cxrl.o 19890
cyanamid 21439
cyclop 19962
cytogen 18629
d-day 20522
d. 17763 19919
daili 19528
dain 19886
danish-bas 17056
david 20956
daxr.o 19228 19233
deal 18039 18735 18792 18960 19098 19312 19342 19876 19981
dean 18312
decid 17608 18069
declin 17100 18058 19082 20043 20210 20322 20942
decreas 19058
deduct 19018
defer 18396 19093 21419
definit 19307
deliveri 17158
depart 16990 17398 17663 17758 17821 18263 18382 19206 19348 20645 20961
deps.o 19138
deputi 17338
difficulti 20599 20607
dimens 19744
direct 17627 21285
directli 17599
distanc 17654 17752 18672
dive 21250
dollar 17196 18057 18105 18325 18597
domain 19707
domest 18467
don't 17263
doorn 17094
dotx.o 17659
doubl 17676 19429 19809
draw 18109
driller 18305
drop 19533 21098
drunken 21536
due 17924 17926 19136
e-130 17483
earli 18493 19027 19293 20570 20587 20996 21476 21499
ebf 18968
econom 18473 20855
eddi 19675 21230
edg 17499
edison 18971
egypt 21370
eighty-on 17480 17486
el 17858 19971 21020 21174
elabor 17292
elect 17765 18059 18172 18260 19566 19743 19805 20109 20383 20565 21033
electrospac 19118
elia 17839
elig 17356 18413 18578 19291 19403 19672
elsewher 17636
embassi 18459 18717 18924 19266 19555
emck 21500
employe 17159 17160 17379 17411 17603 17818 17827 17855 17872 17902 18140 18237 18245 18248 18576 18592 18665 18764 18868 18921 19007 19042 19070 19092 19109 19283 19452 19498 19503 19574 19782 19917 19973 20190 20220 20238 20301 20418 20477 20513 20536 20585 20644 20668 20683 20752 20781 20786 20877 21153 21155 21213 21558
end-march 18506
end-us 19497
endors 17315
engag 18794 19830
england 17284 18081
enjoy 18316
enlarg 19314
enterpris 17552 17562 17626 17649 17656 17688 17704 17995 18327 18596 18998 19100 19176 19345 19482 19657 19669 19723 19769 19937 20271 20300 20551 20569 20776 21007 21043 21045
entex 19376
erad 17399
eurobond 17917 17945 18364 18474 18711 19151 19244 20146
europeen 17466
evalu 17804
even 20923
event 17305
everi 16962
evid 16982 18010
examin 19556
exceed 17151 17693 18734 19347 19381 20157 20356 20964 21392
exchang 17800 17868 18203 18653 18915 19145 19780 19801 19833 19902 20402 20460 20629 20887 21167 21433
exchange' 21426
exchange-sponsor 21305
execut 17012 17019 17070 17136 17329 17430 17453 17478 17606 17609 17705 17754 18117 18194 18282 18420 18730 18843 18844 19006 19245 19247 19367 19476 19591 19781 19950 20094 20295 20447 20677 20729 20733 20780 21057 21160 21251 21376 21381 21571
exhibit 19112
experienc 19582
expert 17393
explan 17318 17877 18477 18562 20881
explod 17467 17844
explor 16966 18651
extend 19634
facsimil 18169
factori 17996
fall 19728
family-own 16953
fcr 18647
fear 16968 20890
featur 18555
fed 18002 18074 18078 18669 18670 19229 19689 19726 20130 20177 20343 21161 21171 21172
feed 16974 17022 17383 17739 17755 18899 19169 19549 19903 20823 21523
fentress 19577
ferc 19909
figur 19650
file 19811 21136
find 17571
firm 17378 18485 18545 19238 19605 19706 20267 20289 20559 20609 20737
fiscal 19305 21198
fixman 17644
flapper 20614
floating-dril 17365
flood 20133
florida-bas 17847
flow 19601 19975
fodder 19668
follow 20500
food 17555
foreclos 19977
foreign 20057
foresaw 18448 19295 21076
forget 19167
fortun 18102 19344
forum 17152 17157 17368
foster 17138
founder 18146
four 17516 17981 18210 19424 20981
franc 18011 19545 19547 20265 21207 21331 21468 21520
frdm 18351
freshwat 17443
fresno 19852
friction 19546
fsys.o 19906
fulfil 17748 21128
fungibl 18453
g-5 19987
ga 17361 18253
galaxi 17557
galveston 18094
garfinckel' 17596
garn 18554
gatw.o 20931
gazett 20501
gdp 16987 17143 17144 17185 17190 17222 17454 18009 18987 18990 18993 18995 19005 19075
general 17715
german 17123 17140 17870 17874 18095 18136 20631 20704 20907 21326 21507 21512 21556
get 17639
ggg.to 19802
gglf.o 21385
gholamreza 20090 20459
give 18439
global 18088 19073 20469
gold 17224 17285 17455 17622 17714 17933 18176 18361 18409 18749 19130 19519 19808 20790 21268 21293
golf 17153
gotlf.o 20548 21361
govern 18001 19273
gown 19806
grade 17463 18254 18746 18840 20420 20721 20919 20936 21067
gradual 17234 19931
grain 20637
great 20901
group 17683 18811 19447 19461 19939 21061
guag 21578
ha 17023 17301 17317 17529 17538 17694 17700 17716 17718 17942 17959 18181 18460 18621 18682 18696 18813 18825 19249 19491 19789 19810 20815 20816 21434
haggl 18761
hakata 17073
hake 20511
hallmark 18341
halt 20104 20486
hard 18195
havilland 17862
hcp 20842
healthcar 17560 18722 19453 20423
heart 17495
heater 18898
held 18130 19401 20805 21046
helmet-mount 18864
help 16946 16973 16998 17083 17141 17181 17200 17205 17240 17266 17268 17283 17322 17380 17449 17452 17690 17713 17849 17879 17888 17980 17991 18026 18041 18340 18378 18380 18504 18620 18731 18797 18887 19003 19040 19049 19255 19285 19484 19516 19637 19735 19882 20001 20020 20095 20232 20261 20287 20335 20389 20649 20719 20748 20750 20865 20866 21006 21158 21347 21502 21561
higashi-hiroshima 17691
higher 17128
hit.t 19567
hitselberg 21395
hoechst 17937
hoffmann-la 18196
hold 19449
hong 19992
hour 20047 20049
hous 18106
house-pass 19163
household 21317
houston 17359 17429 18567 18654 18782 18986 19609 19664 19736 20236 20783
howard 19289
hycor 17854
identifi 16965 17207 17218 17261 17371 17573 17806 17873 18075 18428 18663 19280 19398 19411 19541 19741 19885 19907 19949 19979 20005 20504 21443
impact 20427
impair 18956
indebted 17678
index 19988 19990 19994 20010 20024 20044 20059 20066 20074 20086 20408 20425 20430 20435 20688 20848 20851 20852 20856 20859 21111 21444 21527 21528 21531 21552 21554 21559
indonesia 18092
industriali 19080
inexperi 19848
inspect 19821
instead 18003
institut 19021
intang 18628
intellig 17403 18618 19437
interest 17147
intern 18900 19383 19752 20032
intimid 18442
intl 17856
iran 17462
irish 17250 20390
issu 19224
italiana 17388
itc 20458
jan 20219
japan 16985 17201 17269 17382 18370 21549
japanes 17741
jefferi 19389
jn.to 20361
johnson 21328
jpm 18139
jurisdict 18695
kduwi 17362
key 18799
kfw 18356
kidder 18587
kim 18469
kncd.o 17586
kohliqu 19710
kollmorgen 20746
korea 18432
kram 19419
kwd 19935
kyowa 19879
l.p. 19330 19473 19839
labatt 19665
lack 17325 19940
ladd 17673
larger 20612 20624
laserplu 19166
last 18890
later 18801
latta 19875
layer 19622 19932
ldc 17846 17861 19888 20299 20705 20753
leaseway 18859
leco.o 19691
leigh 17508
less 17353 17674 17780 18104 18185 18269 18447 18525 18684 19356 19570 19734 20608 20868 20899 21348
liabil 17642
liff 20108
lincoln 18636
livestock 17176 17319 17358 17390 18373 18482
load 17145 17387 17426 17779 17869 17955 17971 18284 18290 18523 19106 21131
loan 17867 18285 18315 18559 18560 18902 19179 19251 19434
long-plan 20764
longer 20007
lordstown 18675
loss 17496 17840 18319 18948 19323 19730 19755 19938 20152 20664 20731 21226 21329 21442
loss-mak 17148
low-end 19999
lower 17881 19923 20336 21445 21496 21518 21544
lowest 20997 21008
lse 20054
lsi 21147
ltlp.o 18854
m. 20052
machin 17666
madison 21202
mail 19143 20895
main 21505
major 17045 17281 17352 17420 17475 17520 17568 17604 17789 18006 18077 18091 18167 18184 18212 18547 18589 18607 18638 18674 18689 18970 19024 19147 19154 19188 19418 19649 19770 19873 19934 19952 20023 20229 20268 20316 20325 20424 20620 20623 20635 20756 20795 20871 21023 21276 21429 21501 21522
malpractic 19635
mancera 17177
mannheim 18371
manni 18028
march 17525
market 19499
mass.-bas 19820
matra 17949 20002
matur 19775
maxiumum 18548
mca' 20543
mcdoulett 18410
md-11 18583 18659
medic 17103 17134 17530 18634 18923 19026 19116 19553 19849 19866 21069 21090
medicin 17514 18037 19583
medium-rang 17290 18000
mee 19629
mellon 20172
merchant 17117
merril 17567
met 19477
met-coil 18725
metr 16960 17225 18228 19492 21371
mexican 17142 17149 17154 17187 17450 19711
mexico 20843
mfa 17935
mickey 19268
microsystem 21438
mid-octob 19430
midnight 19599
migi.o 18022
mile 20411 20452
millipor 21396
minerals/chem 17624
mini 19253
mississippi 17665
mln 19331 19469 19659
mnr 20253
model 19724
monday 20071 20878 20882 21492
money 17114 17233 17928 18142 19091 20048
money-fx 18012 19993 21303 21339
month 17054 18222 19791 19793 19794 20382 21321
moslem-bas 17055
motor 17832 19203
move 17417 17948 18362 18395 18513 18752 18810 18855 19378 19397 19444 19471 20828 21130
movi 19001 20765
mtch 19137
mtrus.o 17717
multimarket 18122
n.c. 17657
name 19279
nasdaq 18153
nat'l 19337 20889
natur 18349 20079
navi 17645 18912
navicon 19640
nbcc.o 20974
negotiaiton 21129
netherland 19768
newly-cr 20505
non-opec 17254 17289 17584 17892 18085 19128 19509 20030
normal 20966
north 19281
note 17092 18281 18297
novemb 19155 20666 20697 21078 21534
nurseri 19371
obstruct 17528
obtain 17650
oct. 20844
octob 21363
offer 17481
offici 16943 17214 17220 17237 17249 17272 17279 17381 17503 17733 17776 17875 17886 17912 18099 18329 18490 18733 18745 18858 18878 19025 19241 19551 19776 20099 20101 20441 20698 20809 20891 21080 21357 21475
oil 17046 19327 20944
old 17002 17770 20313
one 17564 17582 18038 18617 18818 18848 18965 20993
one-tim 19581
one-year 17040 17407 17470 17720 18710 19069
oper 16971 16983 16997 17011 17013 17015 17017 17020 17031 17034 17037 17096 17109 17111 17163 17164 17169 17174 17211 17258 17264 17270 17326 17330 17331 17340 17345 17347 17355 17440 17465 17488 17498 17539 17541 17551 17577 17587 17595 17637 17646 17685 17695 17697 17710 17711 17731 17746 17774 17775 17788 17791 17793 17795 17801 17810 17813 17814 17816 17859 17887 17900 17904 17951 17958 17960 17968 17983 17984 17986 17993 18017 18031 18072 18073 18112 18115 18127 18157 18170 18175 18179 18189 18200 18220 18240 18246 18258 18264 18337 18339 18342 18350 18353 18402 18426 18495 18501 18527 18551 18575 18639 18652 18656 18658 18685 18702 18713 18719 18721 18759 18762 18769 18783 18784 18819 18826 18828 18861 18872 18879 18884 18894 18906 18920 18928 18930 18932 18934 18935 18939 18940 18983 19009 19030 19045 19053 19056 19060 19087 19127 19133 19141 19144 19159 19173 19199 19208 19227 19271 19298 19325 19357 19362 19375 19385 19391 19404 19420 19446 19450 19468 19481 19488 19515 19517 19562 19584 19598 19608 19610 19615 19623 19644 19656 19663 19687 19701 19729 19742 19764 19783 19787 19815 19824 19826 19829 19834 19836 19851 19854 19855 19861 19863 19874 19878 19896 19905 19929 19942 19968 20051 20053 20092 20103 20134 20174 20176 20237 20291 20292 20308 20324 20327 20346 20355 20369 20384 20392 20419 20449 20456 20465 20476 20478 20481 20485 20497 20523 20525 20529 20539 20542 20562 20572 20581 20582 20586 20595 20613 20634 20639 20660 20667 20674 20685 20691 20694 20710 20732 20751 20794 20822 20833 20853 20888 20903 20906 20912 20915 20916 20938 20946 20947 20950 20959 20976 20978 20985 21005 21009 21024 21028 21030 21034 21051 21053 21074 21082 21141 21142 21156 21162 21164 21180 21188 21215 21238 21239 21241 21242 21248 21269 21275 21284 21288 21300 21312 21318 21335 21337 21340 21354 21359 21379 21397 21401 21412 21417 21447 21448 21458 21460 21461 21490 21506 21545 21555
opposit 18328 19019 19525
origin 16986 17086 17197 17364 17477 17494 17510 17542 17652 17897 18008 18129 18375 18498 18751 18777 18827 19071 19090 19195 19363 19388 19393 19504 19564 19576 19673 19697 19963 20258 20475 20738
osc 19871
outlook 19068 20158 21223 21342
over-the-weekend 19201
overproduc 19998
overrid 18268 18279
oversubscrib 17561 17565 17796 18635 19086 19149
owl 20552
oxid 17563
pact 20941
painewebb 17612 19189 21064 21220
pakistan 16945 16956 17221 17662 18436 21574
parker 17367
partial 17135 18457 18823 19226 19332 20073 21338 21341
particular 17291
partnership 19382 19883
patrol 18914
paul 17915
payabl 17247
payout 18622 18623 18740 18756 18757 19467 19925 20700 20716
peerless 17682
pensacola 19180
period 18496 19306 19788
petroleo 19927
petroleum 18381 18738 20031
petromont 18217
pharmacia 18082
pipelin 17757
pkwy.o 19439
platinum 18013
play 18160
pleas 17133 17213 18159 20769
plu 20016
plummet 20492
pmr 19585
poehl 20036
pogo' 17354
point 16951 17064 17077 17204 17451 18193 19997 20006 20200 20703 20846 20847 20849 20980 20986 20992 21384 21533 21564
polyphenyl 17580
poor 17667 18261 18295 18383 18727 19204 19324 19408 19818 19945 20178 20749 20830
pork 19580
pound 17137 18386 18398 19658 21134 21235
ppg 18137
pr 19522
prais 18132
prd 20937
pre-split 19175
pre-tax 18514 19670 21503
prefer 19299 20883
preliminari 20880
premium 17909 17921 18480 19548 19606 21236
prevent 16988 17041 17066 17088 17209 17436 18401 19234 21031 21535
primarili 18211 21270 21345
prime 17464 19020 19487 20143 20145 20153 20163 20275
probe 19489
process 18852
product 17824 17997 18925 19671 20198
profoundli 17293 17300 18359 20039 20922 20991
program 17082 20137 20626 20808 20840
prohibit 16972 17030 17864 20745
prospect 17162 17605 17865 18345 18441 18758 19317 19373 20115 21577
protect 18999
protocol 21568
provis 20279
proxim 17726
publish 17701
pulitz 17581
pull 20580
purchas 16976 17029 17053 17105 17107 17341 17413 17559 17569 17589 17699 17782 17826 17853 18014 18040 18063 18141 18238 18256 18276 18336 18431 18630 18633 18676 18817 18880 18931 19152 19213 19260 19360 19386 19413 19423 19612 19646 19654 19690 19699 19703 19731 19858 19880 19959 20114 20188 20432 20602 20661 20665 20717 20775 20820 20827 20945 20965 21027 21059 21070 21073 21358 21394
purpos 20720
pursuant 21404
qtli 21011
qtr 17032 17547 17558 17607 17617 17660 17661 17703 17751 17811 17848 17882 17916 17975 18062 18120 18166 18283 18308 18602 18606 18627 18648 18708 18829 18832 18870 18955 19142 19170 19171 19178 19194 19196 19235 19396 19399 19410 19427 19440 19442 19466 19639 19647 19667 19841 19850 19862 20105 20117 20129 20136 20140 20180 20181 20191 20195 20206 20207 20213 20214 20215 20221 20222 20233 20234 20235 20249 20255 20256 20257 20266 20269 20273 20278 20302 20309 20310 20314 20334 20353 20357 20358 20365 20368 20371 20372 20373 20386 20388 20391 20395 20407 20414 20415 20421 20440 20443 20448 20455 20463 20468 20479 20490 20499 20530 20531 20557 20564 20567 20583 20592 20593 20640 20648 20650 20651 20652 20655 20657 20670 20671 20672 20673 20680 20695 20728 20747 20768 20791 20793 20801 20807 20813 20825 20836 20837 20879 20900 20910 20926 20927 20930 20932 20943 20984 21012 21016 21032 21036 21042 21044 21047 21077 21081 21092 21094 21095 21100 21105 21106 21109 21148 21165 21166 21176 21179 21182 21190 21194 21203 21205 21211 21214 21218 21219 21224 21232 21234 21240 21259 21262 21271 21281 21298 21356 21362 21372 21378 21403 21405 21406 21413 21416 21431 21435 21437 21451 21479 21480 21489
qtrli 20799
quaker 19572
qualifi 19462
quebec 19225
queri 17418
ralston' 17790
ran 19725 20058
rand 17251 18487 21576
rang 17414 17664 17784 18162 18205 18716 19054 19119 19320 19607 20230 20307 20845 21201
rapitech 19365 19366
rate-nihon 17445
rban.o 18259
rbank.o 17969
rcc 20560
reactor 20060
readi 20141 20681
real 17276 19004 19158 19296
recess 17172 17252 17401 17406 18250 18280 18344 18369 19392 19543 19797 20042 20259 20409 20762 20772 20863 21186
recipi 18030 18348 19164 19738 19754
recommend 17048
record 21025
refineri 17841 18234 18885 18888 18945
refund 17024 17156 17830 18018 18206 18556 19016 19715 19753 20363 20949
regain 21313
regret 18090 18097
reincorpor 18020
remark 19991
repair 17219 19097 19594
replac 18241 18390
report 18144
repres 18573
represent 17502 18331 19485
republican 18161
repurchas 20126 20312 20445 21185
resdel 17978
respond 16977 16994 17051 17071 17314 18404 18417 18440 18585 19023 19300 19602 19750 19799 19800 20077 20149 20294 20433 20898 20994 21517
result 17842 18834
resum 17311 17829
retire 21004
reuter 16961 17035 17050 17059 17068 17110 17171 17226 17232 17363 17384 17395 17397 17419 17491 17574 17588 17630 17668 17724 17797 17802 17812 17863 17866 17903 17979 18029 18048 18066 18071 18121 18152 18202 18208 18294 18408 18445 18481 18483 18499 18528 18566 18614 18637 18660 18699 18700 18866 18869 18910 18953 18964 19029 19031 19041 19044 19113 19117 19123 19124 19275 19308 19335 19380 19412 19422 19428 19441 19554 19575 19597 19632 19648 19651 19653 19662 19666 19678 19679 19712 19749 19803 19807 19825 19859 19913 19941 19957 20027 20037 20050 20160 20196 20252 20285 20351 20375 20510 20566 20594 20606 20621 20630 20669 20679 20702 20715 20740 20777 20796 20826 20918 20963 20979 20987 21049 21058 21097 21133 21135 21187 21196 21199 21256 21265 21304 21315 21324 21332 21391 21411 21474
rev 20814
revers 17799 20540
revoc 21452
ridg 19139
right 17062 17524 17625 17679 17852 17956 19111 19221 19550 19593 19796 20091 20321 21035 21228 21290
roaster 18604 19318 19387
rob 20989
rocket 20555
roebuck 16941 17130 20150 20161 21399
roh 17585 19495 21373
rohm 21389
room 20759
rornex 18500
rotat 19126
roto.o 21029 21189
routin 17943 20080
royalti 19370 20360
rsl 17809
rta 20588
rte 19823 19864 21112
rumour 20072 20084
rwanda 17768
ryle 18098
s.d 18207
saab-scania 20245
said 17550 17880 18055 18114 18289 18853 19210 19240 19406 19587 19631 19636 19686 20306 20397 20622 20718 20754 21048 21177 21377 21478
sail 18521
saj 21114
salin 17526
salomon 17120 18151 18230 18558 18574 18581 18588 18686 18767 18815 18877 18942 19236 19239 19265 19301 19718 20288 21159 21353 21355 21364 21365
salon 19633
san 17719 18101 19205 21291
sanchez 20662 21065
sara 18111
saudi-arabia 17767
save 21263
scale-up 18966
scania 17548
schedul 17977 18036 18335 20611 20618 20656 21294
schroder 18004 19552
seal-it 19578
sector 16937 16938 16948 16949 16957 16964 17018 17042 17061 17075 17155 17170 17198 17199 17203 17206 17217 17223 17271 17294 17344 17372 17373 17385 17402 17409 17410 17416 17423 17428 17434 17458 17469 17505 17592 17628 17876 17896 17905 17920 17923 17940 17964 17970 17999 18407 18433 18434 18443 18449 18454 18455 18456 18464 18507 18510 18515 18530 18541 18609 18625 18642 18667 18681 18729 18744 18770 18791 18796 18862 18911 18949 18961 18996 19000 19015 19028 19038 19039 19046 19047 19063 19157 19160 19200 19211 19246 19274 19278 19321 19405 19478 19508 19530 19536 19565 19676 19740 19762 19798 19835 19845 19926 19947 19980 19982 20004 20008 20013 20088 20186 20212 20262 20270 20272 20283 20462 20526 20576 20829 20935 21101 21120 21249 21261 21273 21368 21423 21525 21575
seetanah 19620
sell 17484 17762 17792 17794 18272 18856 19537 19911 19921 20687 20914
semi-annu 19303
seneca 18147
set 16942 16950 17057 17255 17278 17441 17446 17468 17471 17472 17515 17566 17613 17614 17787 17833 17898 17899 17941 17994 18023 18027 18123 18124 18125 18165 18215 18219 18226 18229 18233 18296 18320 18322 18400 18429 18446 18608 18619 18677 18694 18723 18755 18805 18809 18833 18845 18850 18860 18871 18897 18904 18909 18933 18937 18962 18969 18976 19052 19057 19059 19132 19135 19148 19150 19161 19186 19192 19216 19222 19237 19248 19309 19310 19311 19313 19316 19322 19338 19339 19480 19514 19535 19693 19708 19732 19910 20040 20341 20482 20524 20534 20550 20554 20568 20578 20663 20821 21084 21085 21086 21108 21200 21247 21258 21292 21428 21482 21493 21509
setback 19627
settlement 20168
seven 16959 17016 17095 17122 17339 17489 17544 17553 17578 17692 17725 17749 17753 17908 17944 17988 18158 18197 18326 18354 18612 18646 18693 18807 18838 19400 19621 19674 19680 19695 19700 19745 19778 19785 19812 19865 19915 20102 20348 20374 20380 20404 20480 20498 20527 20646 20659 20684 20817 20819 20969 20975 21026 21038 21122 21181 21208 21221 21504 21519
sew 19773
shaki 18423
shandong 17215
shanghai 18503
share 17127 17836 18067 18201 18379 19214 19334 19443 19924 20362 20429 20431 20434 20544 20603 20647 20707 20876 21041 21183
sharehold 16999 17619 17860 18291 18913 19095 19103 19288 19579 19626 19719 19766 20398 20413 20834 21299 21467
sharp 18709 19061 20182
shed 20019
shield 18941 21039
shop 17312 17509 17631 17962 18683 18778 19683 19760 19784 19904 21066 21297
short 19417
short-cov 17230 17265
shortli 18024
shot 18372 20632
show 17033 17241 17242 17248 17306 17374 17375 17461 17906 18050 18244 18302 18306 18425 18748 18753 19017 19034 19077 19232 19259 19944 19974 20093 20264 20474 20714 21096 21169 21572
shr 18047 19168 20110 20120 20122 20144 20147 20154 20155 20156 20169 20171 20173 20183 20185 20201 20203 20205 20218 20227 20240 20244 20246 20277 20315 20317 20329 20330 20338 20345 20350 20359 20387 20399 20528 20591 20676 20696 20957 21068 21125 21127 21231 21310 21311 21316 21334 21344 21349 21383 21390 21418 21424 21425 21446 21450 21463 21464 21471 21495
sign 18876 19860
signific 17961
simpli 19677
single-famili 17998
sissonvil 18239
sith 19359
six 16947 17058 17074 17079 17106 17108 17119 17180 17186 17191 17194 17273 17302 17304 17310 17521 17543 17594 17620 17745 17930 17952 17987 18034 18242 18265 18299 18303 18352 18419 18468 18472 18512 18522 18568 18697 18803 18821 18875 18891 19062 19066 19067 19374 19459 19465 19483 19534 19557 19604 19688 19767 19792 19814 19828 19954 19978 20208 20276 20319 20596 20708 20713 20736 20774 20779 20873 20874 20913 21037 21178 21286 21407 21497 21526 21532 21546
slope 17369 17771 20653
slow 20743
smithson 20861
sochaux 18603
societi 17518 17671 17938 18901 19777 21212
soda.o 20328
softwar 17026 17531 17532 17590 17641 17677 17729 17737 18841 19035 19402 19757 19827 19933 19969 20426 20792 20875 21010 21110 21253 21257 21279 21488
softwood 17670
sound 20939
sourc 21484 21485
southland 18728 20811
soybean 19630 20723
sparebanken 17485 20394
spartech 18116
split 20241
sssl.o 20894
stabil 18668 20081 20347 20377 20948 20958
stake 17004 17025 17081 17651 17728 17911 17913 18182 18405 18479 18688 18988 19037 19050 19105 19343 19351 19435 19494 19540 19563 19713 19751 19984 20396 20489 21287
starft 18191
steel 20318
stepan 20118
still 17167 18168
stock 17113 17131 17166 17173 17192 17193 17404 17680 17766 17883 18005 18298 18766 18781 18938 19448 19455 19457 19532 19538 19958 19961 19983 19989 20003 20028 20046 20162 20167 20282 20538 20547 20628 20742 20744 20806 20867 20924 21119 21157 21175 21277 21398 21422
stockmarket 20012
stringent 17572 18163
subsystem 19379 21217 21472
suffici 17125 18601
sumita 17939 20009 20011
summer 17202 17307 17348 17351 17405 17432 17456 17591 17823 17894 18060 18084 18134 18177 18213 18292 18358 18403 18737 18780 18917 19078 19083 19276 19292 19425 19816 19832 19964 20870 21486 21508
supplementari 17895 17947
surg 17490 20111 21102
surplus 16963 17243 17366 17890 19377 19617
suspend 17253 18798 19414 19486 20014 20682 20689 20835 21540
swedish 20017
sweet 18698 18773 18795 21267
system 17343 17684 17736 17747 18188 18393 18591 18903 18951 19395 19716 20533 20832 21075
t.e.a.m. 19409
takeda 17262
tandi 21432
tax 18516
taylor 19445
tea 17392
tecsyn 19900 19912
telecom 18640
telephon 17112 18314 18831 18922 19120 19709 20332 20788 21014 21015 21246 21466 21550
telesi 20209
ten 17761 19114
tenneco 19463
territori 19996 20034
texa 18471
text 18779 19524
therase 19162
thicken 20990
think 17497 17721 18461
three-day 21289
three-month 19526
throe 17976
time-to-tim 20967
tlr 18164
tnls.o 20381
tokyo 17044 20000 20015 20862
tonn 17021 17342 19277 19614
town 17517
trade 17000 17132 18406 18571 19101 19223 19262 20616
trainer 20521
transact 17308
transamerica 19002
transamerican 19350
trction 21462
trend 18736
trillion 20202
trim 19134
triton 18881 18929 21319
turmoil 20940
two 17093 19454
two-day 19600
two-for-on 20491
two-month-old 17027
txl 21387
txn 18171 19172 19884
type= 19520 19521
u.k. 16978 17089 17333 17927 18107 18536 18537 18774 19121 19243 20035 20067 20075 20496 20893 20982 20995 21019 21099
uncondit 20741 21538
underli 17231 17932 18534 18540 20248 20403 20405 20516 20642 20908 21089
undersecretari 17925
undser 17732
unemploy 17328
unfavour 20224
unfound 20065
univers 17786 19197 19372
upper 17244 17267 17910 17946
urg 21320
usa 18664
usda 17769 18377 20239
use 20281 21245
user 18712
uwi.to 17957
vaasa 19696
validli 17579 19891
vee 20556 20575
vehicl 17104 17116 17570 17831 17838 18475 18517 18546 18550 19384 19846 20022 20125 21126
vereinsbank 19264
via 17005 17210 18021 18209 18236 18286 18557 18580 18582 18586 18724 18763 19315 19779 20589 21343
vic 20641
vict.o 21233
videodisc 18715
violat 17039 17256 17334 18138 18148 18343 19897
violenc 19898 21002
vm 19125 19129
volum 21204
vs 17554 18641 18822 18874 19209 19460 20514 20590
vwrx.o 21088
wa 20070
wage 18535
wale 17696
wall 19966 20179
wanb 21415
webb 17972 20810
wedtech 17985 17992
weedon 20782 20897
week 18198 18851 18865 18946 18954 19284 19416 19822 20711 21150
weight 18489
weinberg 21465
westminst 18595 19191 19353
wharf 18119
wheat 17722
wheelabr 19714
whether 17001
whoever 18126
widen 18061
wilson 19012
windi 16975
within 17412 21560
withstand 18042
work 18015 20884
would 17014 17349 17507 18183 20082 20303 20953 21184
wound 20778
wrightson 19501
write-off 18301 19219
xiox.o 19140
yasuhiro 17047 17072 17216 17277 17953 20061
year 20018
year-end 18905
year-on-year 19081 19625
yen 17087 17208 17282 17447 17598 17889 17936 18526 18532 19064 19511 19523 20064 20854
york 20254
young 21013
yoweri 18087
zealand 18486
zinc 18412
zoet 20029 20123 21515
zurn 21087
